"ensemble" "extent_space" "extent_time" "channel" "irrep" "total_momentum_d_sq" "irrep_col" "irrep_row" "outlier_cutoff" "boot_method" "boot_R" "boot_seed" "boot_l" "pion_total_momentum_d_sq" "pion_tmin" "pion_tmax" "gevp_sort_type" "gevp_mask" "correlator_id" "fit_method_count" "cm_mass_val" "cm_mass_err" "pion_mass_val" "pion_mass_err" "cm_mass_over_pion_mass_val" "cm_mass_over_pion_mass_err"
"cA2.09.48" 48 96 "2pi_I2" "A1" 1 1 1 3 "bootstrap" 500 1 1 0 25 46 "values" NA 1 4 0.163111105219851 0.000967028650819265 0.0620521770085929 4.3175699640508e-05 2.62861213067937 0.0152649233318173
"cA2.09.48" 48 96 "2pi_I2" "A1" 1 1 1 3 "bootstrap" 500 1 1 0 25 46 "values" NA 2 4 0.32141271873243 0.00290801098222869 0.0620521770085929 4.3175699640508e-05 5.17971704180373 0.0466929902996428
"cA2.09.48" 48 96 "2pi_I2" "A1" 1 1 1 3 "bootstrap" 500 1 1 0 25 46 "values" NA 3 1 0.410693302629592 0.00872556320274597 0.0620521770085929 4.3175699640508e-05 6.61851561747334 0.14045530519328
"cA2.09.48" 48 96 "2pi_I2" "A1" 2 1 1 3 "bootstrap" 500 1 1 0 25 46 "values" NA 1 5 0.182880121240967 0.0013688166433995 0.0620521770085929 4.3175699640508e-05 2.94719911624763 0.021996879616966
"cA2.09.48" 48 96 "2pi_I2" "A1" 2 1 1 3 "bootstrap" 500 1 1 0 25 46 "values" NA 2 5 0.228063608880131 0.00184063349596615 0.0620521770085929 4.3175699640508e-05 3.67535225796428 0.0296452684992166
"cA2.09.48" 48 96 "2pi_I2" "A1" 2 1 1 3 "bootstrap" 500 1 1 0 25 46 "values" NA 3 4 0.339950124507532 0.00354765040391454 0.0620521770085929 4.3175699640508e-05 5.47845604934144 0.0571212068270602
"cA2.09.48" 48 96 "2pi_I2" "A1" 2 1 1 3 "bootstrap" 500 1 1 0 25 46 "values" NA 4 4 0.359574837684943 0.00323401073107363 0.0620521770085929 4.3175699640508e-05 5.79471752675413 0.0522899714011041
"cA2.09.48" 48 96 "2pi_I2" "A1" 3 1 1 3 "bootstrap" 500 1 1 0 25 46 "values" NA 1 5 0.194615595311083 0.00398953535661929 0.0620521770085929 4.3175699640508e-05 3.13632179712458 0.0642177252506625
"cA2.09.48" 48 96 "2pi_I2" "A1" 3 1 1 3 "bootstrap" 500 1 1 0 25 46 "values" NA 2 5 0.266492536055926 0.00483327202914564 0.0620521770085929 4.3175699640508e-05 4.29465248284556 0.0778539455502924
"cA2.09.48" 48 96 "2pi_I2" "A1" 4 1 1 3 "bootstrap" 500 1 1 0 25 46 "values" NA 1 3 0.127673538661123 0.00441623185466996 0.0620521770085929 4.3175699640508e-05 2.05751908822543 0.0711517975686254
"cA2.09.48" 48 96 "2pi_I2" "A1" 4 1 1 3 "bootstrap" 500 1 1 0 25 46 "values" NA 2 4 0.218797620257011 0.00430272910244092 0.0620521770085929 4.3175699640508e-05 3.52602649584256 0.0691027562944918
"cA2.09.48" 48 96 "2pi_I2" "A1" 4 1 1 3 "bootstrap" 500 1 1 0 25 46 "values" NA 3 5 0.297224170055441 0.00523043178054011 0.0620521770085929 4.3175699640508e-05 4.78990721009323 0.0840063064035378
"cA2.09.48" 48 96 "2pi_I2" "A1g" 0 1 1 3 "bootstrap" 500 1 1 0 25 46 "values" NA 1 4 0.12585400111039 0.000432483218708907 0.0620521770085929 4.3175699640508e-05 2.02819638532523 0.00681548156445143
"cA2.09.48" 48 96 "2pi_I2" "A1g" 0 1 1 3 "bootstrap" 500 1 1 0 25 46 "values" NA 2 4 0.301063235674794 0.00172825253373779 0.0620521770085929 4.3175699640508e-05 4.85177555709453 0.027741652862237
"cA2.09.48" 48 96 "2pi_I2" "B1" 4 1 1 3 "bootstrap" 500 1 1 0 25 46 "values" NA 1 5 0.301638360848547 0.00470663050197575 0.0620521770085929 4.3175699640508e-05 4.86104396960604 0.0758201141138133
"cA2.09.48" 48 96 "2pi_I2" "E" 3 1 1 3 "bootstrap" 500 1 1 0 25 46 "values" NA 1 1 0.248195856068968 0.00454122248815375 0.0620521770085929 4.3175699640508e-05 3.99979288453647 0.0729407250550339
"cA2.09.48" 48 96 "2pi_I2" "Eg" 0 1 1 3 "bootstrap" 500 1 1 0 25 46 "values" NA 1 1 0.292314388369467 0.00147639140323007 0.0620521770085929 4.3175699640508e-05 4.71078377039033 0.0238011463571691
"cA2.09.48" 48 96 "2pi_I2" "Eg" 0 1 1 3 "bootstrap" 500 1 1 0 25 46 "values" NA 2 1 0.391310845634879 0.00319516877932763 0.0620521770085929 4.3175699640508e-05 6.30615821231688 0.0515969810806996
"cA2.09.48" 48 96 "3pi_I3" "A1u" 0 1 1 3 "bootstrap" 500 1 1 0 25 46 "values" NA 1 4 0.192079791182384 0.00248201831123398 0.0620521770085929 4.3175699640508e-05 3.09545612164075 0.0397501907949028
"cA2.09.48" 48 96 "3pi_I3" "A1u" 0 1 1 3 "bootstrap" 500 1 1 0 25 46 "values" NA 2 4 0.375248942302947 0.00792229329357713 0.0620521770085929 4.3175699640508e-05 6.04731309025601 0.127709576947034
"cA2.09.48" 48 96 "3pi_I3" "A2" 1 1 1 3 "bootstrap" 500 1 1 0 25 46 "values" NA 1 2 0.243137041829484 0.00435048974961918 0.0620521770085929 4.3175699640508e-05 3.91826771518128 0.0697726522563678
"cA2.09.48" 48 96 "3pi_I3" "A2" 2 1 1 3 "bootstrap" 500 1 1 0 25 46 "values" NA 1 2 0.271206620351157 0.00459256172434139 0.0620521770085929 4.3175699640508e-05 4.37062216710948 0.0739841262828921
"cA2.09.48" 48 96 "3pi_I3" "A2" 2 1 1 3 "bootstrap" 500 1 1 0 25 46 "values" NA 2 2 0.309906742197356 0.00286088016353682 0.0620521770085929 4.3175699640508e-05 4.99429282157885 0.046173582978903
"cA2.09.48" 48 96 "3pi_I3" "A2" 3 1 1 3 "bootstrap" 500 1 1 0 25 46 "values" NA 1 2 0.290824143162149 0.00475872107309512 0.0620521770085929 4.3175699640508e-05 4.6867677683875 0.0766140115078055
"cA2.09.48" 48 96 "3pi_I3" "A2" 3 1 1 3 "bootstrap" 500 1 1 0 25 46 "values" NA 2 4 0.366914697115401 0.0133378182621234 0.0620521770085929 4.3175699640508e-05 5.91300281156277 0.214859192185408
"cA2.09.48" 48 96 "3pi_I3" "A2" 3 1 1 3 "bootstrap" 500 1 1 0 25 46 "values" NA 3 5 0.397381008536044 0.016460214589877 0.0620521770085929 4.3175699640508e-05 6.40398174073757 0.265171473110696
"cA2.09.48" 48 96 "3pi_I3" "A2" 4 1 1 3 "bootstrap" 500 1 1 0 25 46 "values" NA 1 3 0.243176768191054 0.00475088205604086 0.0620521770085929 4.3175699640508e-05 3.91890792417129 0.0765432234725847
"cA2.09.48" 48 96 "3pi_I3" "A2" 4 1 1 3 "bootstrap" 500 1 1 0 25 46 "values" NA 2 2 0.323791567498031 0.00802656626499503 0.0620521770085929 4.3175699640508e-05 5.21805330783467 0.129089754338512
"cA2.09.48" 48 96 "3pi_I3" "A2" 4 1 1 3 "bootstrap" 500 1 1 0 25 46 "values" NA 3 5 0.398454441068982 0.0236572023022161 0.0620521770085929 4.3175699640508e-05 6.42128061057076 0.381126318125316
"cA2.09.48" 48 96 "3pi_I3" "B2" 4 1 1 3 "bootstrap" 500 1 1 0 25 46 "values" NA 1 5 0.398449696697542 0.0203638540711984 0.0620521770085929 4.3175699640508e-05 6.42120415279491 0.328127791734066
"cA2.09.48" 48 96 "3pi_I3" "E" 3 1 1 3 "bootstrap" 500 1 1 0 25 46 "values" NA 1 5 0.354257706998761 0.0138745237396352 0.0620521770085929 4.3175699640508e-05 5.70902946643924 0.223917995535607
"cA2.09.48" 48 96 "3pi_I3" "E" 3 1 1 3 "bootstrap" 500 1 1 0 25 46 "values" NA 2 5 0.499931261189133 0.0534990835793191 0.0620521770085929 4.3175699640508e-05 8.05662726579122 0.862144517526666
"cA2.09.48" 48 96 "3pi_I3" "Eu" 0 1 1 3 "bootstrap" 500 1 1 0 25 46 "values" NA 1 5 0.367192953597706 0.00868176063887994 0.0620521770085929 4.3175699640508e-05 5.91748704556905 0.139884412091788
"cA2.30.48" 48 96 "2pi_I2" "A1" 1 1 1 3 "bootstrap" 500 1 1 0 15 40 "values" NA 1 5 0.255846195322692 0.000992869533231809 0.111946872699906 6.97340133956549e-05 2.28542512311652 0.00831304855181036
"cA2.30.48" 48 96 "2pi_I2" "A1" 1 1 1 3 "bootstrap" 500 1 1 0 15 40 "values" NA 2 5 0.376560875621422 0.0011462783045047 0.111946872699906 6.97340133956549e-05 3.3637462712412 0.0100988053219857
"cA2.30.48" 48 96 "2pi_I2" "A1" 1 1 1 3 "bootstrap" 500 1 1 0 15 40 "values" NA 3 5 0.443310900503353 0.00227947693021368 0.111946872699906 6.97340133956549e-05 3.96001147519081 0.0204442895011076
"cA2.30.48" 48 96 "2pi_I2" "A1" 1 1 1 3 "bootstrap" 500 1 1 0 15 40 "values" NA 4 5 0.464732877868989 0.00211728460667279 0.111946872699906 6.97340133956549e-05 4.15136990128156 0.0188350093095666
"cA2.30.48" 48 96 "2pi_I2" "A1" 2 1 1 3 "bootstrap" 500 1 1 0 15 40 "values" NA 1 5 0.274975669281799 0.00135239205166857 0.111946872699906 6.97340133956549e-05 2.45630505479971 0.0117755104229371
"cA2.30.48" 48 96 "2pi_I2" "A1" 2 1 1 3 "bootstrap" 500 1 1 0 15 40 "values" NA 2 5 0.294106973309474 0.00100563082953252 0.111946872699906 6.97340133956549e-05 2.62720133413536 0.00896823939866253
"cA2.30.48" 48 96 "2pi_I2" "A1" 2 1 1 3 "bootstrap" 500 1 1 0 15 40 "values" NA 3 5 0.386949179144126 0.00138934779374861 0.111946872699906 6.97340133956549e-05 3.45654299947631 0.0122409214458526
"cA2.30.48" 48 96 "2pi_I2" "A1" 2 1 1 3 "bootstrap" 500 1 1 0 15 40 "values" NA 4 5 0.398918116809644 0.00246975551112289 0.111946872699906 6.97340133956549e-05 3.56345923015658 0.0222367248459967
"cA2.30.48" 48 96 "2pi_I2" "A1" 2 1 1 3 "bootstrap" 500 1 1 0 15 40 "values" NA 5 4 0.476957489154537 0.00299880085687915 0.111946872699906 6.97340133956549e-05 4.26057001550287 0.026906935772726
"cA2.30.48" 48 96 "2pi_I2" "A1" 3 1 1 3 "bootstrap" 500 1 1 0 15 40 "values" NA 1 5 0.289613472733638 0.00129987779464728 0.111946872699906 6.97340133956549e-05 2.58706175303351 0.0113293021636769
"cA2.30.48" 48 96 "2pi_I2" "A1" 3 1 1 3 "bootstrap" 500 1 1 0 15 40 "values" NA 2 5 0.329209366527342 0.00286956348998378 0.111946872699906 6.97340133956549e-05 2.94076429816711 0.0253678814336677
"cA2.30.48" 48 96 "2pi_I2" "A1" 3 1 1 3 "bootstrap" 500 1 1 0 15 40 "values" NA 3 5 0.498209602228359 0.00440869728740012 0.111946872699906 6.97340133956549e-05 4.45041107636745 0.0396124943612159
"cA2.30.48" 48 96 "2pi_I2" "A1" 4 1 1 3 "bootstrap" 500 1 1 0 15 40 "values" NA 1 4 0.227042314017723 0.00108075204393465 0.111946872699906 6.97340133956549e-05 2.02812556118786 0.00974558589969975
"cA2.30.48" 48 96 "2pi_I2" "A1" 4 1 1 3 "bootstrap" 500 1 1 0 15 40 "values" NA 2 4 0.304544626950383 0.00192619603694289 0.111946872699906 6.97340133956549e-05 2.72043889753642 0.0171367520806559
"cA2.30.48" 48 96 "2pi_I2" "A1" 4 1 1 3 "bootstrap" 500 1 1 0 15 40 "values" NA 3 4 0.350217974838729 0.00190680197785019 0.111946872699906 6.97340133956549e-05 3.12843017756782 0.0169803481070019
"cA2.30.48" 48 96 "2pi_I2" "A1g" 0 1 1 3 "bootstrap" 500 1 1 0 15 40 "values" NA 1 5 0.225326329944935 0.000387397773283118 0.111946872699906 6.97340133956549e-05 2.01279700370874 0.0027842617353051
"cA2.30.48" 48 96 "2pi_I2" "A1g" 0 1 1 3 "bootstrap" 500 1 1 0 15 40 "values" NA 2 5 0.354721491762413 0.00130284774028988 0.111946872699906 6.97340133956549e-05 3.168659232789 0.0118274869966464
"cA2.30.48" 48 96 "2pi_I2" "A1g" 0 1 1 3 "bootstrap" 500 1 1 0 15 40 "values" NA 3 5 0.446380461324243 0.00353355799108834 0.111946872699906 6.97340133956549e-05 3.98743127484094 0.031462011252444
"cA2.30.48" 48 96 "2pi_I2" "A2" 2 1 1 3 "bootstrap" 500 1 1 0 15 40 "values" NA 1 5 0.391392423232632 0.00155346173950478 0.111946872699906 6.97340133956549e-05 3.49623364899019 0.0138997255172649
"cA2.30.48" 48 96 "2pi_I2" "B1" 1 1 1 3 "bootstrap" 500 1 1 0 15 40 "values" NA 1 5 0.366678091612993 0.00127306415164826 0.111946872699906 6.97340133956549e-05 3.27546525212849 0.0113762649280588
"cA2.30.48" 48 96 "2pi_I2" "B1" 2 1 1 3 "bootstrap" 500 1 1 0 15 40 "values" NA 1 5 0.386220769118198 0.00120925182751669 0.111946872699906 6.97340133956549e-05 3.45003625204907 0.0107430346462855
"cA2.30.48" 48 96 "2pi_I2" "B1" 4 1 1 3 "bootstrap" 500 1 1 0 15 40 "values" NA 1 5 0.349271961562017 0.00155960303388307 0.111946872699906 6.97340133956549e-05 3.11997962192569 0.0135356250054701
"cA2.30.48" 48 96 "2pi_I2" "B2" 1 1 1 3 "bootstrap" 500 1 1 0 15 40 "values" NA 1 5 0.458201810466703 0.00349761877868246 0.111946872699906 6.97340133956549e-05 4.0930291254763 0.0312928543641658
"cA2.30.48" 48 96 "2pi_I2" "B2" 2 1 1 3 "bootstrap" 500 1 1 0 15 40 "values" NA 1 4 0.472579732987528 0.00223435960924041 0.111946872699906 6.97340133956549e-05 4.22146435706484 0.0199573915283677
"cA2.30.48" 48 96 "2pi_I2" "E" 1 1 1 3 "bootstrap" 500 1 1 0 15 40 "values" NA 1 4 0.37067357001877 0.00211127240638787 0.111946872699906 6.97340133956549e-05 3.31115609644968 0.0182792301144584
"cA2.30.48" 48 96 "2pi_I2" "E" 1 1 1 3 "bootstrap" 500 1 1 0 15 40 "values" NA 2 5 0.450228057855657 0.00296555346312104 0.111946872699906 6.97340133956549e-05 4.02180111866613 0.0265291767194456
"cA2.30.48" 48 96 "2pi_I2" "E" 3 1 1 3 "bootstrap" 500 1 1 0 15 40 "values" NA 1 5 0.317606106577552 0.00107159102647955 0.111946872699906 6.97340133956549e-05 2.83711459657255 0.00949087621446035
"cA2.30.48" 48 96 "2pi_I2" "E" 3 1 1 3 "bootstrap" 500 1 1 0 15 40 "values" NA 2 5 0.497424845903762 0.00463743662621724 0.111946872699906 6.97340133956549e-05 4.44340099823244 0.0411904182276101
"cA2.30.48" 48 96 "2pi_I2" "Eg" 0 1 1 3 "bootstrap" 500 1 1 0 15 40 "values" NA 1 5 0.346210345312449 0.000805715488923687 0.111946872699906 6.97340133956549e-05 3.0926307896115 0.00740011702697542
"cA2.30.48" 48 96 "2pi_I2" "Eg" 0 1 1 3 "bootstrap" 500 1 1 0 15 40 "values" NA 2 5 0.434088457225955 0.00200029137224115 0.111946872699906 6.97340133956549e-05 3.8776291535147 0.0178878312655795
"cA2.30.48" 48 96 "3pi_I3" "A1" 2 1 1 3 "bootstrap" 500 1 1 0 15 40 "values" NA 1 5 0.524685839170717 0.00404564584194711 0.111946872699906 6.97340133956549e-05 4.68691823644982 0.0360500988280706
"cA2.30.48" 48 96 "3pi_I3" "A1" 2 1 1 3 "bootstrap" 500 1 1 0 15 40 "values" NA 2 5 0.542895946232219 0.004496893914528 0.111946872699906 6.97340133956549e-05 4.84958563949839 0.0400755176494336
"cA2.30.48" 48 96 "3pi_I3" "A1" 3 1 1 3 "bootstrap" 500 1 1 0 15 40 "values" NA 1 5 0.575094112300769 0.00343081476878583 0.111946872699906 6.97340133956549e-05 5.13720569794221 0.0305047319330089
"cA2.30.48" 48 96 "3pi_I3" "A1u" 0 1 1 3 "bootstrap" 500 1 1 0 15 40 "values" NA 1 5 0.341315195196911 0.00116374361791491 0.111946872699906 6.97340133956549e-05 3.04890335000129 0.0100941348586638
"cA2.30.48" 48 96 "3pi_I3" "A1u" 0 1 1 3 "bootstrap" 500 1 1 0 15 40 "values" NA 2 5 0.476833769534354 0.00288166946693092 0.111946872699906 6.97340133956549e-05 4.25946485180156 0.0251153317996086
"cA2.30.48" 48 96 "3pi_I3" "A2" 1 1 1 3 "bootstrap" 500 1 1 0 15 40 "values" NA 1 5 0.380030431753382 0.00200916338070476 0.111946872699906 6.97340133956549e-05 3.39473915249176 0.0176725933827662
"cA2.30.48" 48 96 "3pi_I3" "A2" 1 1 1 3 "bootstrap" 500 1 1 0 15 40 "values" NA 2 5 0.50529328600261 0.0044068779959989 0.111946872699906 6.97340133956549e-05 4.51368826851591 0.0389101733428785
"cA2.30.48" 48 96 "3pi_I3" "A2" 1 1 1 3 "bootstrap" 500 1 1 0 15 40 "values" NA 3 5 0.510746803358504 0.00249534417909959 0.111946872699906 6.97340133956549e-05 4.5624034958766 0.022128179696032
"cA2.30.48" 48 96 "3pi_I3" "A2" 1 1 1 3 "bootstrap" 500 1 1 0 15 40 "values" NA 4 5 0.522064264182547 0.0050330714357859 0.111946872699906 6.97340133956549e-05 4.66350020855013 0.0447439393293054
"cA2.30.48" 48 96 "3pi_I3" "A2" 2 1 1 3 "bootstrap" 500 1 1 0 15 40 "values" NA 1 5 0.410074694771052 0.00216119462478711 0.111946872699906 6.97340133956549e-05 3.66311880699278 0.0188133008296724
"cA2.30.48" 48 96 "3pi_I3" "A2" 2 1 1 3 "bootstrap" 500 1 1 0 15 40 "values" NA 2 5 0.430477819809703 0.00276764000294271 0.111946872699906 6.97340133956549e-05 3.84537602013838 0.0243640890424614
"cA2.30.48" 48 96 "3pi_I3" "A2" 2 1 1 3 "bootstrap" 500 1 1 0 15 40 "values" NA 3 5 0.514322160041406 0.0041402548889264 0.111946872699906 6.97340133956549e-05 4.5943414732106 0.0371924462122001
"cA2.30.48" 48 96 "3pi_I3" "A2" 2 1 1 3 "bootstrap" 500 1 1 0 15 40 "values" NA 4 5 0.534181357265644 0.00373955969871743 0.111946872699906 6.97340133956549e-05 4.77173988323564 0.0335531876666039
"cA2.30.48" 48 96 "3pi_I3" "A2" 2 1 1 3 "bootstrap" 500 1 1 0 15 40 "values" NA 5 5 0.541030568456616 0.0104029491943107 0.111946872699906 6.97340133956549e-05 4.8329225766489 0.0925417198679052
"cA2.30.48" 48 96 "3pi_I3" "A2" 2 1 1 3 "bootstrap" 500 1 1 0 15 40 "values" NA 6 5 0.540723968463224 0.00646810031464673 0.111946872699906 6.97340133956549e-05 4.8301837775561 0.0577723782290189
"cA2.30.48" 48 96 "3pi_I3" "A2" 2 1 1 3 "bootstrap" 500 1 1 0 15 40 "values" NA 7 5 0.549255906476671 0.0066803788958401 0.111946872699906 6.97340133956549e-05 4.90639794779307 0.0592720898787448
"cA2.30.48" 48 96 "3pi_I3" "A2" 2 1 1 3 "bootstrap" 500 1 1 0 15 40 "values" NA 8 5 0.561339100616026 0.00482436479822026 0.111946872699906 6.97340133956549e-05 5.0143348096985 0.043526806006822
"cA2.30.48" 48 96 "3pi_I3" "A2" 3 1 1 3 "bootstrap" 500 1 1 0 15 40 "values" NA 1 5 0.428594298964597 0.0032649266728 0.111946872699906 6.97340133956549e-05 3.82855088871953 0.0290483650273347
"cA2.30.48" 48 96 "3pi_I3" "A2" 3 1 1 3 "bootstrap" 500 1 1 0 15 40 "values" NA 2 5 0.464499905993261 0.00436156176731321 0.111946872699906 6.97340133956549e-05 4.14928880807986 0.0384138539799314
"cA2.30.48" 48 96 "3pi_I3" "A2" 3 1 1 3 "bootstrap" 500 1 1 0 15 40 "values" NA 3 5 0.479083588859701 0.00387921905959145 0.111946872699906 6.97340133956549e-05 4.27956205747678 0.0341970162493054
"cA2.30.48" 48 96 "3pi_I3" "A2" 3 1 1 3 "bootstrap" 500 1 1 0 15 40 "values" NA 4 5 0.564195847344916 0.00299250940329715 0.111946872699906 6.97340133956549e-05 5.03985358177307 0.0267273999818275
"cA2.30.48" 48 96 "3pi_I3" "A2" 3 1 1 3 "bootstrap" 500 1 1 0 15 40 "values" NA 5 5 0.57399823246575 0.00336793066695055 0.111946872699906 6.97340133956549e-05 5.12741641300206 0.0300496259599414
"cA2.30.48" 48 96 "3pi_I3" "A2" 3 1 1 3 "bootstrap" 500 1 1 0 15 40 "values" NA 6 5 0.583952321971764 0.010234667090174 0.111946872699906 6.97340133956549e-05 5.21633439048498 0.0912417850324183
"cA2.30.48" 48 96 "3pi_I3" "A2" 3 1 1 3 "bootstrap" 500 1 1 0 15 40 "values" NA 7 5 0.595012512937942 0.0074491725328911 0.111946872699906 6.97340133956549e-05 5.31513296073023 0.0663198207850933
"cA2.30.48" 48 96 "3pi_I3" "A2" 4 1 1 3 "bootstrap" 500 1 1 0 15 40 "values" NA 1 5 0.383205934503922 0.00422771700399736 0.111946872699906 6.97340133956549e-05 3.42310531113429 0.0374437461139343
"cA2.30.48" 48 96 "3pi_I3" "A2" 4 1 1 3 "bootstrap" 500 1 1 0 15 40 "values" NA 2 5 0.449534027820645 0.00267103843800732 0.111946872699906 6.97340133956549e-05 4.01560148112134 0.0237182334361025
"cA2.30.48" 48 96 "3pi_I3" "A2" 4 1 1 3 "bootstrap" 500 1 1 0 15 40 "values" NA 3 5 0.498566622565671 0.00671009692927442 0.111946872699906 6.97340133956549e-05 4.4536002707478 0.0594574039282693
"cA2.30.48" 48 96 "3pi_I3" "A2" 4 1 1 3 "bootstrap" 500 1 1 0 15 40 "values" NA 4 5 0.523307729309457 0.0035984879349096 0.111946872699906 6.97340133956549e-05 4.67460784467181 0.0318124071555793
"cA2.30.48" 48 96 "3pi_I3" "B1" 2 1 1 3 "bootstrap" 500 1 1 0 15 40 "values" NA 1 5 0.538222372146685 0.00357935699447393 0.111946872699906 6.97340133956549e-05 4.80783749617989 0.0321605223304345
"cA2.30.48" 48 96 "3pi_I3" "B1" 2 1 1 3 "bootstrap" 500 1 1 0 15 40 "values" NA 2 5 0.544445545521131 0.00413635934733672 0.111946872699906 6.97340133956549e-05 4.86342791353016 0.0364874622142242
"cA2.30.48" 48 96 "3pi_I3" "B1" 2 1 1 3 "bootstrap" 500 1 1 0 15 40 "values" NA 3 5 0.548035391792366 0.00457958108329337 0.111946872699906 6.97340133956549e-05 4.8954953235851 0.0411428165544188
"cA2.30.48" 48 96 "3pi_I3" "B2" 1 1 1 3 "bootstrap" 500 1 1 0 15 40 "values" NA 1 5 0.49571764783025 0.00229683914902721 0.111946872699906 6.97340133956549e-05 4.42815092440421 0.0201469972801929
"cA2.30.48" 48 96 "3pi_I3" "B2" 1 1 1 3 "bootstrap" 500 1 1 0 15 40 "values" NA 2 5 0.514158803100616 0.00512511592301907 0.111946872699906 6.97340133956549e-05 4.59288223690635 0.0454835603855286
"cA2.30.48" 48 96 "3pi_I3" "B2" 2 1 1 3 "bootstrap" 500 1 1 0 15 40 "values" NA 1 5 0.514200422709367 0.00385363140404787 0.111946872699906 6.97340133956549e-05 4.5932540169101 0.0345689498873721
"cA2.30.48" 48 96 "3pi_I3" "B2" 2 1 1 3 "bootstrap" 500 1 1 0 15 40 "values" NA 2 5 0.548135654219424 0.00490060920507145 0.111946872699906 6.97340133956549e-05 4.89639094866724 0.0432757678821322
"cA2.30.48" 48 96 "3pi_I3" "B2" 4 1 1 3 "bootstrap" 500 1 1 0 15 40 "values" NA 1 5 0.494177504390982 0.010603931628648 0.111946872699906 6.97340133956549e-05 4.41439311766855 0.0942753800966067
"cA2.30.48" 48 96 "3pi_I3" "B2" 4 1 1 3 "bootstrap" 500 1 1 0 15 40 "values" NA 2 5 0.51087824780594 0.00719417534591815 0.111946872699906 6.97340133956549e-05 4.56357766398211 0.0636692622251327
"cA2.30.48" 48 96 "3pi_I3" "E" 1 1 1 3 "bootstrap" 500 1 1 0 15 40 "values" NA 1 5 0.495536549403336 0.00359641959702844 0.111946872699906 6.97340133956549e-05 4.42653320679812 0.0319867999882907
"cA2.30.48" 48 96 "3pi_I3" "E" 3 1 1 3 "bootstrap" 500 1 1 0 15 40 "values" NA 1 5 0.460208028915765 0.00438460939864378 0.111946872699906 6.97340133956549e-05 4.110950291121 0.038637340526606
"cA2.30.48" 48 96 "3pi_I3" "E" 3 1 1 3 "bootstrap" 500 1 1 0 15 40 "values" NA 2 5 0.563384036725477 0.00586248540381539 0.111946872699906 6.97340133956549e-05 5.03260183279734 0.0526511476352415
"cA2.30.48" 48 96 "3pi_I3" "E" 3 1 1 3 "bootstrap" 500 1 1 0 15 40 "values" NA 3 5 0.573735167962033 0.00788156548050786 0.111946872699906 6.97340133956549e-05 5.12506650811081 0.0700526237887518
"cA2.30.48" 48 96 "3pi_I3" "E" 3 1 1 3 "bootstrap" 500 1 1 0 15 40 "values" NA 4 5 0.576795753885538 0.00871737449840419 0.111946872699906 6.97340133956549e-05 5.15240613671937 0.0773439992574657
"cA2.30.48" 48 96 "3pi_I3" "E" 3 1 1 3 "bootstrap" 500 1 1 0 15 40 "values" NA 5 5 0.579493258192048 0.00232504480206781 0.111946872699906 6.97340133956549e-05 5.17650242669561 0.0209273084842143
"cA2.30.48" 48 96 "3pi_I3" "E" 4 1 1 3 "bootstrap" 500 1 1 0 15 40 "values" NA 1 5 0.511380989775842 0.00359265239689022 0.111946872699906 6.97340133956549e-05 4.56806856183193 0.0319342077257435
"cA2.30.48" 48 96 "3pi_I3" "Eu" 0 1 1 3 "bootstrap" 500 1 1 0 15 40 "values" NA 1 5 0.465757897788454 0.003084427200968 0.111946872699906 6.97340133956549e-05 4.16052620815057 0.0272380988489054
"cA2.60.32" 32 64 "2pi_I2" "A1" 1 1 1 3 "bootstrap" 500 1 1 0 12 30 "values" NA 1 5 0.366917123546527 0.000480787815933689 0.157813038898738 0.000127983566046281 2.32501145727232 0.00245957063412442
"cA2.60.32" 32 64 "2pi_I2" "A1" 1 1 1 3 "bootstrap" 500 1 1 0 12 30 "values" NA 2 5 0.554039941023989 0.00242854604377445 0.157813038898738 0.000127983566046281 3.51073615266666 0.0154001130318674
"cA2.60.32" 32 64 "2pi_I2" "A1" 1 1 1 3 "bootstrap" 500 1 1 0 12 30 "values" NA 3 5 0.651856585937235 0.00278543058033618 0.157813038898738 0.000127983566046281 4.13056228107683 0.0172817046301094
"cA2.60.32" 32 64 "2pi_I2" "A1" 1 1 1 3 "bootstrap" 500 1 1 0 12 30 "values" NA 4 4 0.69043376299726 0.00333086432100189 0.157813038898738 0.000127983566046281 4.37501088512898 0.0210137905302208
"cA2.60.32" 32 64 "2pi_I2" "A1" 2 1 1 3 "bootstrap" 500 1 1 0 12 30 "values" NA 1 5 0.394498663980313 0.00197012754016191 0.157813038898738 0.000127983566046281 2.49978497805525 0.0114834674240915
"cA2.60.32" 32 64 "2pi_I2" "A1" 2 1 1 3 "bootstrap" 500 1 1 0 12 30 "values" NA 2 5 0.427146770803468 0.00106803114867736 0.157813038898738 0.000127983566046281 2.70666336434692 0.00611340454908957
"cA2.60.32" 32 64 "2pi_I2" "A1" 2 1 1 3 "bootstrap" 500 1 1 0 12 30 "values" NA 3 5 0.570166583132294 0.00202769834075364 0.157813038898738 0.000127983566046281 3.6129244269743 0.0125701049813656
"cA2.60.32" 32 64 "2pi_I2" "A1" 2 1 1 3 "bootstrap" 500 1 1 0 12 30 "values" NA 4 5 0.593373144726242 0.00272232801692211 0.157813038898738 0.000127983566046281 3.75997540423125 0.0165366955707688
"cA2.60.32" 32 64 "2pi_I2" "A1" 2 1 1 3 "bootstrap" 500 1 1 0 12 30 "values" NA 5 5 0.69990144536381 0.00410030898594501 0.157813038898738 0.000127983566046281 4.43500391506249 0.0259712266593235
"cA2.60.32" 32 64 "2pi_I2" "A1" 3 1 1 3 "bootstrap" 500 1 1 0 12 30 "values" NA 1 5 0.418890309709582 0.00308192354252764 0.157813038898738 0.000127983566046281 2.6543453736948 0.0190901275701499
"cA2.60.32" 32 64 "2pi_I2" "A1" 3 1 1 3 "bootstrap" 500 1 1 0 12 30 "values" NA 2 5 0.478230884767177 0.00266040768403445 0.157813038898738 0.000127983566046281 3.03036357517986 0.016263812095524
"cA2.60.32" 32 64 "2pi_I2" "A1" 3 1 1 3 "bootstrap" 500 1 1 0 12 30 "values" NA 3 4 0.73517121155267 0.00498865838987152 0.157813038898738 0.000127983566046281 4.65849473961654 0.0312274182107958
"cA2.60.32" 32 64 "2pi_I2" "A1" 4 1 1 3 "bootstrap" 500 1 1 0 12 30 "values" NA 1 5 0.31943449122667 0.00176623431169981 0.157813038898738 0.000127983566046281 2.02413243833191 0.0106951124828495
"cA2.60.32" 32 64 "2pi_I2" "A1" 4 1 1 3 "bootstrap" 500 1 1 0 12 30 "values" NA 2 5 0.435826654383466 0.00379602011919361 0.157813038898738 0.000127983566046281 2.76166441901622 0.0238460332014203
"cA2.60.32" 32 64 "2pi_I2" "A1" 4 1 1 3 "bootstrap" 500 1 1 0 12 30 "values" NA 3 5 0.516920617826507 0.00392951871727458 0.157813038898738 0.000127983566046281 3.27552540293071 0.0244865950259957
"cA2.60.32" 32 64 "2pi_I2" "A1g" 0 1 1 3 "bootstrap" 500 1 1 0 12 30 "values" NA 1 4 0.319294579179829 0.000275967765684344 0.157813038898738 0.000127983566046281 2.02324586997344 0.000747250112574328
"cA2.60.32" 32 64 "2pi_I2" "A1g" 0 1 1 3 "bootstrap" 500 1 1 0 12 30 "values" NA 2 5 0.52265380381872 0.00155775074579378 0.157813038898738 0.000127983566046281 3.31185437823098 0.00940401707996102
"cA2.60.32" 32 64 "2pi_I2" "A1g" 0 1 1 3 "bootstrap" 500 1 1 0 12 30 "values" NA 3 5 0.663000385504482 0.00535865054060266 0.157813038898738 0.000127983566046281 4.20117621541971 0.0336178697897891
"cA2.60.32" 32 64 "2pi_I2" "A2" 2 1 1 3 "bootstrap" 500 1 1 0 12 30 "values" NA 1 5 0.578953832204417 0.00145277727686987 0.157813038898738 0.000127983566046281 3.66860581511208 0.00919669788132725
"cA2.60.32" 32 64 "2pi_I2" "B1" 1 1 1 3 "bootstrap" 500 1 1 0 12 30 "values" NA 1 5 0.541222180888604 0.00110344760539159 0.157813038898738 0.000127983566046281 3.42951497965821 0.00645617691263659
"cA2.60.32" 32 64 "2pi_I2" "B1" 2 1 1 3 "bootstrap" 500 1 1 0 12 30 "values" NA 1 5 0.567659757019427 0.00174621425238332 0.157813038898738 0.000127983566046281 3.59703964248272 0.0106479456363549
"cA2.60.32" 32 64 "2pi_I2" "B1" 4 1 1 3 "bootstrap" 500 1 1 0 12 30 "values" NA 1 5 0.506702168778206 0.00210785692947422 0.157813038898738 0.000127983566046281 3.21077505581359 0.0128403440988082
"cA2.60.32" 32 64 "2pi_I2" "B2" 1 1 1 3 "bootstrap" 500 1 1 0 12 30 "values" NA 1 3 0.671304001990219 0.00253519906127209 0.157813038898738 0.000127983566046281 4.25379301149488 0.0160933658983843
"cA2.60.32" 32 64 "2pi_I2" "B2" 2 1 1 3 "bootstrap" 500 1 1 0 12 30 "values" NA 1 5 0.69277205129898 0.0052507170384767 0.157813038898738 0.000127983566046281 4.38982771089976 0.0330288214275515
"cA2.60.32" 32 64 "2pi_I2" "E" 1 1 1 3 "bootstrap" 500 1 1 0 12 30 "values" NA 1 5 0.537831624356269 0.00114742169311364 0.157813038898738 0.000127983566046281 3.40803033836371 0.00707415266047422
"cA2.60.32" 32 64 "2pi_I2" "E" 1 1 1 3 "bootstrap" 500 1 1 0 12 30 "values" NA 2 5 0.671741495881837 0.00259921773758672 0.157813038898738 0.000127983566046281 4.2565652405494 0.0162700589598062
"cA2.60.32" 32 64 "2pi_I2" "E" 3 1 1 3 "bootstrap" 500 1 1 0 12 30 "values" NA 1 5 0.464073325815068 0.00269435655475118 0.157813038898738 0.000127983566046281 2.94065261687816 0.0165038652377433
"cA2.60.32" 32 64 "2pi_I2" "E" 3 1 1 3 "bootstrap" 500 1 1 0 12 30 "values" NA 2 5 0.738831665830887 0.00605504528612469 0.157813038898738 0.000127983566046281 4.68168961821315 0.0377036041123286
"cA2.60.32" 32 64 "2pi_I2" "Eg" 0 1 1 3 "bootstrap" 500 1 1 0 12 30 "values" NA 1 5 0.506371266053849 0.00168606149901146 0.157813038898738 0.000127983566046281 3.20867825363129 0.00978419595634595
"cA2.60.32" 32 64 "2pi_I2" "Eg" 0 1 1 3 "bootstrap" 500 1 1 0 12 30 "values" NA 2 5 0.644400854302204 0.00345014933497642 0.157813038898738 0.000127983566046281 4.08331820234252 0.0211548949801429
"cA2.60.32" 32 64 "3pi_I3" "A1" 2 1 1 3 "bootstrap" 500 1 1 0 12 30 "values" NA 1 5 0.763211311744756 0.00283356004970604 0.157813038898738 0.000127983566046281 4.83617397567813 0.0174769038848673
"cA2.60.32" 32 64 "3pi_I3" "A1" 2 1 1 3 "bootstrap" 500 1 1 0 12 30 "values" NA 2 5 0.790315957657109 0.00382737829788513 0.157813038898738 0.000127983566046281 5.00792560090186 0.0241559269104187
"cA2.60.32" 32 64 "3pi_I3" "A1" 3 1 1 3 "bootstrap" 500 1 1 0 12 30 "values" NA 1 4 0.839720251490235 0.00521449461249943 0.157813038898738 0.000127983566046281 5.32098144329538 0.0322663317954101
"cA2.60.32" 32 64 "3pi_I3" "A1u" 0 1 1 3 "bootstrap" 500 1 1 0 12 30 "values" NA 1 5 0.483078365781915 0.000880601907979319 0.157813038898738 0.000127983566046281 3.06108018166919 0.004255731545573
"cA2.60.32" 32 64 "3pi_I3" "A1u" 0 1 1 3 "bootstrap" 500 1 1 0 12 30 "values" NA 2 5 0.69403043394158 0.00310154823187088 0.157813038898738 0.000127983566046281 4.39780159348501 0.019409333834742
"cA2.60.32" 32 64 "3pi_I3" "A2" 1 1 1 3 "bootstrap" 500 1 1 0 12 30 "values" NA 1 5 0.551753192983598 0.00253033073130279 0.157813038898738 0.000127983566046281 3.4962459175356 0.0150348521278471
"cA2.60.32" 32 64 "3pi_I3" "A2" 1 1 1 3 "bootstrap" 500 1 1 0 12 30 "values" NA 2 5 0.736924639402935 0.00399198571166298 0.157813038898738 0.000127983566046281 4.66960553161764 0.024666588925344
"cA2.60.32" 32 64 "3pi_I3" "A2" 1 1 1 3 "bootstrap" 500 1 1 0 12 30 "values" NA 3 5 0.744044678591845 0.00161877651504666 0.157813038898738 0.000127983566046281 4.71472245756112 0.0100206334320172
"cA2.60.32" 32 64 "3pi_I3" "A2" 1 1 1 3 "bootstrap" 500 1 1 0 12 30 "values" NA 4 5 0.766626506361495 0.00595911243676037 0.157813038898738 0.000127983566046281 4.85781473895455 0.037017385859353
"cA2.60.32" 32 64 "3pi_I3" "A2" 2 1 1 3 "bootstrap" 500 1 1 0 12 30 "values" NA 1 5 0.587271286309382 0.00767320623915464 0.157813038898738 0.000127983566046281 3.72131029481164 0.0473086863721934
"cA2.60.32" 32 64 "3pi_I3" "A2" 2 1 1 3 "bootstrap" 500 1 1 0 12 30 "values" NA 2 5 0.622970424214197 0.00259840931033963 0.157813038898738 0.000127983566046281 3.94752188134424 0.0156956299884933
"cA2.60.32" 32 64 "3pi_I3" "A2" 2 1 1 3 "bootstrap" 500 1 1 0 12 30 "values" NA 3 5 0.755294663753822 0.0023796478003732 0.157813038898738 0.000127983566046281 4.78600924882047 0.0142879079552384
"cA2.60.32" 32 64 "3pi_I3" "A2" 2 1 1 3 "bootstrap" 500 1 1 0 12 30 "values" NA 4 5 0.78075065287427 0.00656753924444581 0.157813038898738 0.000127983566046281 4.94731397559138 0.0409364694895182
"cA2.60.32" 32 64 "3pi_I3" "A2" 2 1 1 3 "bootstrap" 500 1 1 0 12 30 "values" NA 5 5 0.792294120631491 0.00368743139410678 0.157813038898738 0.000127983566046281 5.0204604521929 0.0212678259824414
"cA2.60.32" 32 64 "3pi_I3" "A2" 2 1 1 3 "bootstrap" 500 1 1 0 12 30 "values" NA 6 5 0.798622007301207 0.00658220125629027 0.157813038898738 0.000127983566046281 5.06055781495756 0.041092086115393
"cA2.60.32" 32 64 "3pi_I3" "A2" 2 1 1 3 "bootstrap" 500 1 1 0 12 30 "values" NA 7 5 0.800456014615777 0.0038768993744794 0.157813038898738 0.000127983566046281 5.07217920776114 0.0241486950390061
"cA2.60.32" 32 64 "3pi_I3" "A2" 2 1 1 3 "bootstrap" 500 1 1 0 12 30 "values" NA 8 5 0.824925197599578 0.00797630130420758 0.157813038898738 0.000127983566046281 5.22723092690015 0.0504384894085657
"cA2.60.32" 32 64 "3pi_I3" "A2" 3 1 1 3 "bootstrap" 500 1 1 0 12 30 "values" NA 1 5 0.621455307414401 0.00379874750522085 0.157813038898738 0.000127983566046281 3.93792117401126 0.0232769053257339
"cA2.60.32" 32 64 "3pi_I3" "A2" 3 1 1 3 "bootstrap" 500 1 1 0 12 30 "values" NA 2 5 0.675301014150091 0.00318622655750569 0.157813038898738 0.000127983566046281 4.27912052681151 0.0196615602686842
"cA2.60.32" 32 64 "3pi_I3" "A2" 3 1 1 3 "bootstrap" 500 1 1 0 12 30 "values" NA 3 5 0.694661939228876 0.00463008459249591 0.157813038898738 0.000127983566046281 4.40180319748239 0.0288105331743319
"cA2.60.32" 32 64 "3pi_I3" "A2" 3 1 1 3 "bootstrap" 500 1 1 0 12 30 "values" NA 4 5 0.835813579995905 0.00825118183518547 0.157813038898738 0.000127983566046281 5.29622638172638 0.0522958045865495
"cA2.60.32" 32 64 "3pi_I3" "A2" 3 1 1 3 "bootstrap" 500 1 1 0 12 30 "values" NA 5 5 0.849536633919239 0.00646376466630092 0.157813038898738 0.000127983566046281 5.38318405023779 0.0402095677484371
"cA2.60.32" 32 64 "3pi_I3" "A2" 3 1 1 3 "bootstrap" 500 1 1 0 12 30 "values" NA 6 5 0.856847982727597 0.00520426348332832 0.157813038898738 0.000127983566046281 5.42951323101637 0.033256921456566
"cA2.60.32" 32 64 "3pi_I3" "A2" 3 1 1 3 "bootstrap" 500 1 1 0 12 30 "values" NA 7 5 0.88036159202374 0.00890752838886253 0.157813038898738 0.000127983566046281 5.57850985043532 0.0566732026642098
"cA2.60.32" 32 64 "3pi_I3" "A2" 4 1 1 3 "bootstrap" 500 1 1 0 12 30 "values" NA 1 5 0.553562663056688 0.00312337799971648 0.157813038898738 0.000127983566046281 3.50771182735976 0.0188484283756749
"cA2.60.32" 32 64 "3pi_I3" "A2" 4 1 1 3 "bootstrap" 500 1 1 0 12 30 "values" NA 2 5 0.647717535859909 0.00758129693198949 0.157813038898738 0.000127983566046281 4.10433472658444 0.0472591710837951
"cA2.60.32" 32 64 "3pi_I3" "A2" 4 1 1 3 "bootstrap" 500 1 1 0 12 30 "values" NA 3 5 0.725082830843454 0.00760444210449663 0.157813038898738 0.000127983566046281 4.59456858510095 0.04772264661471
"cA2.60.32" 32 64 "3pi_I3" "A2" 4 1 1 3 "bootstrap" 500 1 1 0 12 30 "values" NA 4 5 0.767186383962191 0.00472461942007931 0.157813038898738 0.000127983566046281 4.86136246609169 0.0299369639086197
"cA2.60.32" 32 64 "3pi_I3" "B1" 2 1 1 3 "bootstrap" 500 1 1 0 12 30 "values" NA 1 5 0.78749082798705 0.00264220314406391 0.157813038898738 0.000127983566046281 4.99002385026216 0.0166819555305451
"cA2.60.32" 32 64 "3pi_I3" "B1" 2 1 1 3 "bootstrap" 500 1 1 0 12 30 "values" NA 2 5 0.785990119875257 0.00496094934969182 0.157813038898738 0.000127983566046281 4.98051444519484 0.0309025806432456
"cA2.60.32" 32 64 "3pi_I3" "B1" 2 1 1 3 "bootstrap" 500 1 1 0 12 30 "values" NA 3 5 0.809031640692648 0.00543030168854247 0.157813038898738 0.000127983566046281 5.12651962308242 0.0342169511709103
"cA2.60.32" 32 64 "3pi_I3" "B2" 1 1 1 3 "bootstrap" 500 1 1 0 12 30 "values" NA 1 5 0.719512090747812 0.00649572243795779 0.157813038898738 0.000127983566046281 4.55926896642232 0.0405520570998282
"cA2.60.32" 32 64 "3pi_I3" "B2" 1 1 1 3 "bootstrap" 500 1 1 0 12 30 "values" NA 2 5 0.748521910683631 0.00735541861386792 0.157813038898738 0.000127983566046281 4.74309294027301 0.0459739380692164
"cA2.60.32" 32 64 "3pi_I3" "B2" 2 1 1 3 "bootstrap" 500 1 1 0 12 30 "values" NA 1 5 0.75524617126682 0.00629678608436755 0.157813038898738 0.000127983566046281 4.7857019707442 0.0392727468457548
"cA2.60.32" 32 64 "3pi_I3" "B2" 2 1 1 3 "bootstrap" 500 1 1 0 12 30 "values" NA 2 5 0.79880810652513 0.00977407775631445 0.157813038898738 0.000127983566046281 5.06173705353772 0.061559080428847
"cA2.60.32" 32 64 "3pi_I3" "B2" 4 1 1 3 "bootstrap" 500 1 1 0 12 30 "values" NA 1 5 0.71139674045917 0.00649239176035826 0.157813038898738 0.000127983566046281 4.50784514019558 0.040830969766998
"cA2.60.32" 32 64 "3pi_I3" "B2" 4 1 1 3 "bootstrap" 500 1 1 0 12 30 "values" NA 2 5 0.743491586025342 0.0045959985438542 0.157813038898738 0.000127983566046281 4.71121772455324 0.0284582022251109
"cA2.60.32" 32 64 "3pi_I3" "E" 1 1 1 3 "bootstrap" 500 1 1 0 12 30 "values" NA 1 5 0.720068057150504 0.00405387891784325 0.157813038898738 0.000127983566046281 4.56279190981515 0.024759638299694
"cA2.60.32" 32 64 "3pi_I3" "E" 3 1 1 3 "bootstrap" 500 1 1 0 12 30 "values" NA 1 5 0.664239558894835 0.0015106827082076 0.157813038898738 0.000127983566046281 4.20902837642618 0.0089963093670701
"cA2.60.32" 32 64 "3pi_I3" "E" 3 1 1 3 "bootstrap" 500 1 1 0 12 30 "values" NA 2 5 0.834684399482115 0.0150962983924487 0.157813038898738 0.000127983566046281 5.28907120290421 0.0948185507333644
"cA2.60.32" 32 64 "3pi_I3" "E" 3 1 1 3 "bootstrap" 500 1 1 0 12 30 "values" NA 3 5 0.8361375864263 0.00524647616874522 0.157813038898738 0.000127983566046281 5.29827948476943 0.0328288133384271
"cA2.60.32" 32 64 "3pi_I3" "E" 3 1 1 3 "bootstrap" 500 1 1 0 12 30 "values" NA 4 5 0.83791862959997 0.0104593048059356 0.157813038898738 0.000127983566046281 5.30956526436088 0.0659226398637607
"cA2.60.32" 32 64 "3pi_I3" "E" 3 1 1 3 "bootstrap" 500 1 1 0 12 30 "values" NA 5 5 0.854653210860567 0.00433023555497113 0.157813038898738 0.000127983566046281 5.41560581321145 0.0270808796301064
"cA2.60.32" 32 64 "3pi_I3" "E" 4 1 1 3 "bootstrap" 500 1 1 0 12 30 "values" NA 1 5 0.742198618686877 0.00431292684491113 0.157813038898738 0.000127983566046281 4.70302469216829 0.0268616197834465
"cA2.60.32" 32 64 "3pi_I3" "Eu" 0 1 1 3 "bootstrap" 500 1 1 0 12 30 "values" NA 1 5 0.679529840485703 0.00394370983328186 0.157813038898738 0.000127983566046281 4.30591695862172 0.0238530836054508
