"ensemble" "extent_space" "extent_time" "channel" "irrep" "total_momentum_d_sq" "irrep_col" "irrep_row" "outlier_cutoff" "boot_method" "boot_R" "boot_seed" "boot_l" "pion_total_momentum_d_sq" "pion_tmin" "pion_tmax" "gevp_sort_type" "gevp_mask" "correlator_id" "fit_method_count" "cm_mass_val" "cm_mass_err" "pion_mass_val" "pion_mass_err" "cm_mass_over_pion_mass_val" "cm_mass_over_pion_mass_err"
"cA2.09.48" 48 96 "2pi_I2" "A1" 1 1 1 3 "jackknife" 500 1 1 0 25 46 "values" NA 1 4 0.163113474978046 0.000958204206448433 0.0620629911503543 4.41930306043002e-05 2.62819229229358 0.015421898766007
"cA2.09.48" 48 96 "2pi_I2" "A1" 1 1 1 3 "jackknife" 500 1 1 0 25 46 "values" NA 2 4 0.321692357586105 0.00306711780908009 0.0620629911503543 4.41930306043002e-05 5.1833202303571 0.0494765483708002
"cA2.09.48" 48 96 "2pi_I2" "A1" 1 1 1 3 "jackknife" 500 1 1 0 25 46 "values" NA 3 1 0.412070680846467 0.0085282276839878 0.0620629911503543 4.41930306043002e-05 6.63955560646733 0.137434105793382
"cA2.09.48" 48 96 "2pi_I2" "A1" 2 1 1 3 "jackknife" 500 1 1 0 25 46 "values" NA 1 5 0.182849886241878 0.00142103563181194 0.0620629911503543 4.41930306043002e-05 2.94619841636224 0.0228342969745345
"cA2.09.48" 48 96 "2pi_I2" "A1" 2 1 1 3 "jackknife" 500 1 1 0 25 46 "values" NA 2 5 0.227876443597374 0.00180389885414564 0.0620629911503543 4.41930306043002e-05 3.67169611669728 0.0289341673682421
"cA2.09.48" 48 96 "2pi_I2" "A1" 2 1 1 3 "jackknife" 500 1 1 0 25 46 "values" NA 3 4 0.339487050994047 0.00349164624993816 0.0620629911503543 4.41930306043002e-05 5.47004011088674 0.0564014068244273
"cA2.09.48" 48 96 "2pi_I2" "A1" 2 1 1 3 "jackknife" 500 1 1 0 25 46 "values" NA 4 4 0.358090025067471 0.00305283817656004 0.0620629911503543 4.41930306043002e-05 5.76978354459196 0.0491951446606236
"cA2.09.48" 48 96 "2pi_I2" "A1" 3 1 1 3 "jackknife" 500 1 1 0 25 46 "values" NA 1 5 0.194603702973748 0.00399449806805669 0.0620629911503543 4.41930306043002e-05 3.13558369274048 0.0642965206638471
"cA2.09.48" 48 96 "2pi_I2" "A1" 3 1 1 3 "jackknife" 500 1 1 0 25 46 "values" NA 2 5 0.26655506607517 0.00497988457678923 0.0620629911503543 4.41930306043002e-05 4.29491168785938 0.0802605541330429
"cA2.09.48" 48 96 "2pi_I2" "A1" 4 1 1 3 "jackknife" 500 1 1 0 25 46 "values" NA 1 3 0.127172161525347 0.00393689088880931 0.0620629911503543 4.41930306043002e-05 2.04908205628147 0.0633492900552427
"cA2.09.48" 48 96 "2pi_I2" "A1" 4 1 1 3 "jackknife" 500 1 1 0 25 46 "values" NA 2 4 0.218625793388697 0.00460213150466828 0.0620629911503543 4.41930306043002e-05 3.52264351647268 0.073763689239956
"cA2.09.48" 48 96 "2pi_I2" "A1" 4 1 1 3 "jackknife" 500 1 1 0 25 46 "values" NA 3 5 0.296614122842829 0.00529625105525296 0.0620629911503543 4.41930306043002e-05 4.77924311002428 0.0853385250463907
"cA2.09.48" 48 96 "2pi_I2" "A1g" 0 1 1 3 "jackknife" 500 1 1 0 25 46 "values" NA 1 4 0.125829505722295 0.00043423507331367 0.0620629911503543 4.41930306043002e-05 2.02744829712541 0.00693476689536288
"cA2.09.48" 48 96 "2pi_I2" "A1g" 0 1 1 3 "jackknife" 500 1 1 0 25 46 "values" NA 2 4 0.300744132282566 0.00170441770813049 0.0620629911503543 4.41930306043002e-05 4.84578855624248 0.0274771178090744
"cA2.09.48" 48 96 "2pi_I2" "B1" 4 1 1 3 "jackknife" 500 1 1 0 25 46 "values" NA 1 5 0.301808469861678 0.00465499049097428 0.0620629911503543 4.41930306043002e-05 4.8629378679238 0.0750615444103994
"cA2.09.48" 48 96 "2pi_I2" "E" 3 1 1 3 "jackknife" 500 1 1 0 25 46 "values" NA 1 1 0.248237183761429 0.00447822807124525 0.0620629911503543 4.41930306043002e-05 3.99976184132098 0.0721037963573673
"cA2.09.48" 48 96 "2pi_I2" "Eg" 0 1 1 3 "jackknife" 500 1 1 0 25 46 "values" NA 1 1 0.292422734646942 0.00142862385868415 0.0620629911503543 4.41930306043002e-05 4.71170868865338 0.0229889629695386
"cA2.09.48" 48 96 "2pi_I2" "Eg" 0 1 1 3 "jackknife" 500 1 1 0 25 46 "values" NA 2 1 0.391430725578145 0.00328839047040721 0.0620629911503543 4.41930306043002e-05 6.3069909832393 0.0529636095992622
"cA2.09.48" 48 96 "3pi_I3" "A1u" 0 1 1 3 "jackknife" 500 1 1 0 25 46 "values" NA 1 4 0.192049970852549 0.00238459258584122 0.0620629911503543 4.41930306043002e-05 3.09443627019663 0.0382173352121929
"cA2.09.48" 48 96 "3pi_I3" "A1u" 0 1 1 3 "jackknife" 500 1 1 0 25 46 "values" NA 2 4 0.374037740947939 0.00733765054344141 0.0620629911503543 4.41930306043002e-05 6.02674370047348 0.118346166773028
"cA2.09.48" 48 96 "3pi_I3" "A2" 1 1 1 3 "jackknife" 500 1 1 0 25 46 "values" NA 1 2 0.243081660182105 0.00438630469684853 0.0620629911503543 4.41930306043002e-05 3.91669263238075 0.0705357829849334
"cA2.09.48" 48 96 "3pi_I3" "A2" 2 1 1 3 "jackknife" 500 1 1 0 25 46 "values" NA 1 2 0.271320001708509 0.00474406805853762 0.0620629911503543 4.41930306043002e-05 4.3716874852391 0.0763258605690472
"cA2.09.48" 48 96 "3pi_I3" "A2" 2 1 1 3 "jackknife" 500 1 1 0 25 46 "values" NA 2 2 0.309918940749789 0.00287312990770049 0.0620629911503543 4.41930306043002e-05 4.99361914412048 0.0461922548300908
"cA2.09.48" 48 96 "3pi_I3" "A2" 3 1 1 3 "jackknife" 500 1 1 0 25 46 "values" NA 1 2 0.291030967842318 0.0046159930971891 0.0620629911503543 4.41930306043002e-05 4.6892836205278 0.0743482734119527
"cA2.09.48" 48 96 "3pi_I3" "A2" 3 1 1 3 "jackknife" 500 1 1 0 25 46 "values" NA 2 4 0.367575925191251 0.0141831140202744 0.0620629911503543 4.41930306043002e-05 5.9226266471875 0.228358688679644
"cA2.09.48" 48 96 "3pi_I3" "A2" 3 1 1 3 "jackknife" 500 1 1 0 25 46 "values" NA 3 5 0.395830908683977 0.0153772669155909 0.0620629911503543 4.41930306043002e-05 6.37788964642444 0.247480202225381
"cA2.09.48" 48 96 "3pi_I3" "A2" 4 1 1 3 "jackknife" 500 1 1 0 25 46 "values" NA 1 3 0.243082980657999 0.00479054758519733 0.0620629911503543 4.41930306043002e-05 3.91671390876254 0.0771090298006326
"cA2.09.48" 48 96 "3pi_I3" "A2" 4 1 1 3 "jackknife" 500 1 1 0 25 46 "values" NA 2 2 0.324139215359847 0.00786311770947669 0.0620629911503543 4.41930306043002e-05 5.22274562266238 0.126635502805176
"cA2.09.48" 48 96 "3pi_I3" "A2" 4 1 1 3 "jackknife" 500 1 1 0 25 46 "values" NA 3 5 0.39692696788874 0.0220980718142968 0.0620629911503543 4.41930306043002e-05 6.39555007793841 0.35605800992537
"cA2.09.48" 48 96 "3pi_I3" "B2" 4 1 1 3 "jackknife" 500 1 1 0 25 46 "values" NA 1 5 0.39836127299726 0.0200321666344535 0.0620629911503543 4.41930306043002e-05 6.41866055137734 0.322716953875955
"cA2.09.48" 48 96 "3pi_I3" "E" 3 1 1 3 "jackknife" 500 1 1 0 25 46 "values" NA 1 5 0.35383967376283 0.0140769393312242 0.0620629911503543 4.41930306043002e-05 5.7012990705784 0.226857351238739
"cA2.09.48" 48 96 "3pi_I3" "E" 3 1 1 3 "jackknife" 500 1 1 0 25 46 "values" NA 2 5 0.499416530904698 0.0553282855661284 0.0620629911503543 4.41930306043002e-05 8.0469297668043 0.891074669425898
"cA2.09.48" 48 96 "3pi_I3" "Eu" 0 1 1 3 "jackknife" 500 1 1 0 25 46 "values" NA 1 5 0.366756840113599 0.00920161015805781 0.0620629911503543 4.41930306043002e-05 5.90942900617037 0.148117119935934
"cA2.30.48" 48 96 "2pi_I2" "A1" 1 1 1 3 "jackknife" 500 1 1 0 15 40 "values" NA 1 5 0.25590472048277 0.000991444678723438 0.111956326904529 6.76570405750985e-05 2.28575487923067 0.00824943483883325
"cA2.30.48" 48 96 "2pi_I2" "A1" 1 1 1 3 "jackknife" 500 1 1 0 15 40 "values" NA 2 5 0.376562989276976 0.00109389132329694 0.111956326904529 6.76570405750985e-05 3.36348109739338 0.00966058446630456
"cA2.30.48" 48 96 "2pi_I2" "A1" 1 1 1 3 "jackknife" 500 1 1 0 15 40 "values" NA 3 5 0.443562244090651 0.00231831727957275 0.111956326904529 6.76570405750985e-05 3.96192208475096 0.0207801308312616
"cA2.30.48" 48 96 "2pi_I2" "A1" 1 1 1 3 "jackknife" 500 1 1 0 15 40 "values" NA 4 5 0.464583321532066 0.00214415262879613 0.111956326904529 6.76570405750985e-05 4.1496834915658 0.0190953196663028
"cA2.30.48" 48 96 "2pi_I2" "A1" 2 1 1 3 "jackknife" 500 1 1 0 15 40 "values" NA 1 5 0.275012450887456 0.00139363518919708 0.111956326904529 6.76570405750985e-05 2.45642616626726 0.0121260136818504
"cA2.30.48" 48 96 "2pi_I2" "A1" 2 1 1 3 "jackknife" 500 1 1 0 15 40 "values" NA 2 5 0.29411514039096 0.000973906232428409 0.111956326904529 6.76570405750985e-05 2.62705242770038 0.00858132245318911
"cA2.30.48" 48 96 "2pi_I2" "A1" 2 1 1 3 "jackknife" 500 1 1 0 15 40 "values" NA 3 5 0.387007105954576 0.00136500536565467 0.111956326904529 6.76570405750985e-05 3.45676851549978 0.0120883560424181
"cA2.30.48" 48 96 "2pi_I2" "A1" 2 1 1 3 "jackknife" 500 1 1 0 15 40 "values" NA 4 5 0.3988425553808 0.00277955186525116 0.111956326904529 6.76570405750985e-05 3.56248339337637 0.0247415639425742
"cA2.30.48" 48 96 "2pi_I2" "A1" 2 1 1 3 "jackknife" 500 1 1 0 15 40 "values" NA 5 4 0.477002894495318 0.00350129717667725 0.111956326904529 6.76570405750985e-05 4.26061579263925 0.0314217540365521
"cA2.30.48" 48 96 "2pi_I2" "A1" 3 1 1 3 "jackknife" 500 1 1 0 15 40 "values" NA 1 5 0.289634893170284 0.00127937693954744 0.111956326904529 6.76570405750985e-05 2.58703461589331 0.011129717631743
"cA2.30.48" 48 96 "2pi_I2" "A1" 3 1 1 3 "jackknife" 500 1 1 0 15 40 "values" NA 2 5 0.32923349610865 0.00270334799383297 0.111956326904529 6.76570405750985e-05 2.94073149067677 0.0238482432862675
"cA2.30.48" 48 96 "2pi_I2" "A1" 3 1 1 3 "jackknife" 500 1 1 0 15 40 "values" NA 3 5 0.499137108934062 0.00505818071290191 0.111956326904529 6.76570405750985e-05 4.45831979964566 0.045158085613093
"cA2.30.48" 48 96 "2pi_I2" "A1" 4 1 1 3 "jackknife" 500 1 1 0 15 40 "values" NA 1 4 0.22717060313565 0.00114427855370832 0.111956326904529 6.76570405750985e-05 2.0291001805496 0.0101916301243765
"cA2.30.48" 48 96 "2pi_I2" "A1" 4 1 1 3 "jackknife" 500 1 1 0 15 40 "values" NA 2 4 0.304588929625308 0.00210362475303182 0.111956326904529 6.76570405750985e-05 2.72060488269723 0.0187764882712482
"cA2.30.48" 48 96 "2pi_I2" "A1" 4 1 1 3 "jackknife" 500 1 1 0 15 40 "values" NA 3 4 0.350511240404138 0.00203633484379654 0.111956326904529 6.76570405750985e-05 3.13078545978949 0.0181327899618217
"cA2.30.48" 48 96 "2pi_I2" "A1g" 0 1 1 3 "jackknife" 500 1 1 0 15 40 "values" NA 1 5 0.225343787020359 0.000388472685518411 0.111956326904529 6.76570405750985e-05 2.01278295966714 0.0028777058655879
"cA2.30.48" 48 96 "2pi_I2" "A1g" 0 1 1 3 "jackknife" 500 1 1 0 15 40 "values" NA 2 5 0.35470826622097 0.0012459990515532 0.111956326904529 6.76570405750985e-05 3.16827352261609 0.0112221261739349
"cA2.30.48" 48 96 "2pi_I2" "A1g" 0 1 1 3 "jackknife" 500 1 1 0 15 40 "values" NA 3 5 0.446686898244221 0.00390463774024199 0.111956326904529 6.76570405750985e-05 3.98983166556665 0.0348417503499698
"cA2.30.48" 48 96 "2pi_I2" "A2" 2 1 1 3 "jackknife" 500 1 1 0 15 40 "values" NA 1 5 0.391382890435159 0.00148988634445942 0.111956326904529 6.76570405750985e-05 3.49585326043174 0.0132459091181006
"cA2.30.48" 48 96 "2pi_I2" "B1" 1 1 1 3 "jackknife" 500 1 1 0 15 40 "values" NA 1 5 0.366741507683359 0.00131950971843091 0.111956326904529 6.76570405750985e-05 3.27575508971547 0.0117604631242564
"cA2.30.48" 48 96 "2pi_I2" "B1" 2 1 1 3 "jackknife" 500 1 1 0 15 40 "values" NA 1 5 0.386175314974007 0.00121913608430889 0.111956326904529 6.76570405750985e-05 3.44933891322926 0.0107629195527268
"cA2.30.48" 48 96 "2pi_I2" "B1" 4 1 1 3 "jackknife" 500 1 1 0 15 40 "values" NA 1 5 0.349129345422162 0.00151396863579725 0.111956326904529 6.76570405750985e-05 3.11844229866423 0.0133635733955476
"cA2.30.48" 48 96 "2pi_I2" "B2" 1 1 1 3 "jackknife" 500 1 1 0 15 40 "values" NA 1 5 0.458342941922388 0.00382499503296898 0.111956326904529 6.76570405750985e-05 4.09394408154567 0.0343100294528415
"cA2.30.48" 48 96 "2pi_I2" "B2" 2 1 1 3 "jackknife" 500 1 1 0 15 40 "values" NA 1 4 0.472500238241253 0.00221153821921339 0.111956326904529 6.76570405750985e-05 4.22039782212737 0.0197342779352907
"cA2.30.48" 48 96 "2pi_I2" "E" 1 1 1 3 "jackknife" 500 1 1 0 15 40 "values" NA 1 4 0.370648039892725 0.00204715317062398 0.111956326904529 6.76570405750985e-05 3.31064844784339 0.0178168875206481
"cA2.30.48" 48 96 "2pi_I2" "E" 1 1 1 3 "jackknife" 500 1 1 0 15 40 "values" NA 2 5 0.450492562370561 0.00304895467566979 0.111956326904529 6.76570405750985e-05 4.02382406449187 0.027167530319464
"cA2.30.48" 48 96 "2pi_I2" "E" 3 1 1 3 "jackknife" 500 1 1 0 15 40 "values" NA 1 5 0.317584889043724 0.00111769658390985 0.111956326904529 6.76570405750985e-05 2.83668549893162 0.00993421443498183
"cA2.30.48" 48 96 "2pi_I2" "E" 3 1 1 3 "jackknife" 500 1 1 0 15 40 "values" NA 2 5 0.497560999421755 0.00487511230978355 0.111956326904529 6.76570405750985e-05 4.44424190377425 0.0432500467426094
"cA2.30.48" 48 96 "2pi_I2" "Eg" 0 1 1 3 "jackknife" 500 1 1 0 15 40 "values" NA 1 5 0.346220371841893 0.00081013652085542 0.111956326904529 6.76570405750985e-05 3.09245918845778 0.00736243106145467
"cA2.30.48" 48 96 "2pi_I2" "Eg" 0 1 1 3 "jackknife" 500 1 1 0 15 40 "values" NA 2 5 0.434221957611724 0.00206017896613443 0.111956326904529 6.76570405750985e-05 3.87849413800445 0.0183105876748166
"cA2.30.48" 48 96 "3pi_I3" "A1" 2 1 1 3 "jackknife" 500 1 1 0 15 40 "values" NA 1 5 0.52462179677438 0.00407460481943877 0.111956326904529 6.76570405750985e-05 4.68595041727078 0.0361818297565013
"cA2.30.48" 48 96 "3pi_I3" "A1" 2 1 1 3 "jackknife" 500 1 1 0 15 40 "values" NA 2 5 0.542878963301037 0.00439890652128755 0.111956326904529 6.76570405750985e-05 4.84902442149589 0.0390735012976843
"cA2.30.48" 48 96 "3pi_I3" "A1" 3 1 1 3 "jackknife" 500 1 1 0 15 40 "values" NA 1 5 0.575079577234254 0.0037340714760309 0.111956326904529 6.76570405750985e-05 5.13664205618907 0.0331885374738684
"cA2.30.48" 48 96 "3pi_I3" "A1u" 0 1 1 3 "jackknife" 500 1 1 0 15 40 "values" NA 1 5 0.341468512295877 0.00112718538039405 0.111956326904529 6.76570405750985e-05 3.05001532059073 0.00990910844065321
"cA2.30.48" 48 96 "3pi_I3" "A1u" 0 1 1 3 "jackknife" 500 1 1 0 15 40 "values" NA 2 5 0.476749475623335 0.00273761610173502 0.111956326904529 6.76570405750985e-05 4.258352241494 0.0239972502965215
"cA2.30.48" 48 96 "3pi_I3" "A2" 1 1 1 3 "jackknife" 500 1 1 0 15 40 "values" NA 1 5 0.379990438871905 0.00184793947909536 0.111956326904529 6.76570405750985e-05 3.39409526355705 0.0162632837270952
"cA2.30.48" 48 96 "3pi_I3" "A2" 1 1 1 3 "jackknife" 500 1 1 0 15 40 "values" NA 2 5 0.50537639136601 0.00432343130165055 0.111956326904529 6.76570405750985e-05 4.51404940961462 0.038350158155928
"cA2.30.48" 48 96 "3pi_I3" "A2" 1 1 1 3 "jackknife" 500 1 1 0 15 40 "values" NA 3 5 0.510925895708432 0.00282048039169945 0.111956326904529 6.76570405750985e-05 4.56361788417842 0.0249196821080458
"cA2.30.48" 48 96 "3pi_I3" "A2" 1 1 1 3 "jackknife" 500 1 1 0 15 40 "values" NA 4 5 0.522144420560444 0.00532620866491646 0.111956326904529 6.76570405750985e-05 4.66382235821032 0.0472748669550655
"cA2.30.48" 48 96 "3pi_I3" "A2" 2 1 1 3 "jackknife" 500 1 1 0 15 40 "values" NA 1 5 0.410020434077888 0.00204075843895928 0.111956326904529 6.76570405750985e-05 3.66232481374219 0.017733246301232
"cA2.30.48" 48 96 "3pi_I3" "A2" 2 1 1 3 "jackknife" 500 1 1 0 15 40 "values" NA 2 5 0.43061848960813 0.00285229779338544 0.111956326904529 6.76570405750985e-05 3.84630776584285 0.0250055868366135
"cA2.30.48" 48 96 "3pi_I3" "A2" 2 1 1 3 "jackknife" 500 1 1 0 15 40 "values" NA 3 5 0.514559313765229 0.00403085679463054 0.111956326904529 6.76570405750985e-05 4.59607177184387 0.0359991111697123
"cA2.30.48" 48 96 "3pi_I3" "A2" 2 1 1 3 "jackknife" 500 1 1 0 15 40 "values" NA 4 5 0.533738604218316 0.00402094050543784 0.111956326904529 6.76570405750985e-05 4.76738223712416 0.0358965377041554
"cA2.30.48" 48 96 "3pi_I3" "A2" 2 1 1 3 "jackknife" 500 1 1 0 15 40 "values" NA 5 5 0.541216937861306 0.0106106389377841 0.111956326904529 6.76570405750985e-05 4.8341791198887 0.0943905629950661
"cA2.30.48" 48 96 "3pi_I3" "A2" 2 1 1 3 "jackknife" 500 1 1 0 15 40 "values" NA 6 5 0.54018631111745 0.00626125849281691 0.111956326904529 6.76570405750985e-05 4.82497350576798 0.0559664622182112
"cA2.30.48" 48 96 "3pi_I3" "A2" 2 1 1 3 "jackknife" 500 1 1 0 15 40 "values" NA 7 5 0.549541682208187 0.00666401952747954 0.111956326904529 6.76570405750985e-05 4.90853618908748 0.0590299375029738
"cA2.30.48" 48 96 "3pi_I3" "A2" 2 1 1 3 "jackknife" 500 1 1 0 15 40 "values" NA 8 5 0.561365728079274 0.00522781851592612 0.111956326904529 6.76570405750985e-05 5.01414920978947 0.0466928368848193
"cA2.30.48" 48 96 "3pi_I3" "A2" 3 1 1 3 "jackknife" 500 1 1 0 15 40 "values" NA 1 5 0.428478943848433 0.00348251281171706 0.111956326904529 6.76570405750985e-05 3.82719722677058 0.0308066599491931
"cA2.30.48" 48 96 "3pi_I3" "A2" 3 1 1 3 "jackknife" 500 1 1 0 15 40 "values" NA 2 5 0.464579547648434 0.00466271949463572 0.111956326904529 6.76570405750985e-05 4.14964978303197 0.0411667512423076
"cA2.30.48" 48 96 "3pi_I3" "A2" 3 1 1 3 "jackknife" 500 1 1 0 15 40 "values" NA 3 5 0.478988752968783 0.00389035835801626 0.111956326904529 6.76570405750985e-05 4.27835358851351 0.0342851338763097
"cA2.30.48" 48 96 "3pi_I3" "A2" 3 1 1 3 "jackknife" 500 1 1 0 15 40 "values" NA 4 5 0.564153295513663 0.00291819840046348 0.111956326904529 6.76570405750985e-05 5.03904791369895 0.0261219321351182
"cA2.30.48" 48 96 "3pi_I3" "A2" 3 1 1 3 "jackknife" 500 1 1 0 15 40 "values" NA 5 5 0.573794269239927 0.00335587614884775 0.111956326904529 6.76570405750985e-05 5.1251616152898 0.0298792700958781
"cA2.30.48" 48 96 "3pi_I3" "A2" 3 1 1 3 "jackknife" 500 1 1 0 15 40 "values" NA 6 5 0.583329548340394 0.0107761022968398 0.111956326904529 6.76570405750985e-05 5.21033124673544 0.0958440343529921
"cA2.30.48" 48 96 "3pi_I3" "A2" 3 1 1 3 "jackknife" 500 1 1 0 15 40 "values" NA 7 5 0.595382368555298 0.00724988832466225 0.111956326904529 6.76570405750985e-05 5.31798769231696 0.0645653114278854
"cA2.30.48" 48 96 "3pi_I3" "A2" 4 1 1 3 "jackknife" 500 1 1 0 15 40 "values" NA 1 5 0.383629632823018 0.00421546541116607 0.111956326904529 6.76570405750985e-05 3.42660074182462 0.0373286195952064
"cA2.30.48" 48 96 "3pi_I3" "A2" 4 1 1 3 "jackknife" 500 1 1 0 15 40 "values" NA 2 5 0.449732792811249 0.0028477043034643 0.111956326904529 6.76570405750985e-05 4.01703776147248 0.0252137636479735
"cA2.30.48" 48 96 "3pi_I3" "A2" 4 1 1 3 "jackknife" 500 1 1 0 15 40 "values" NA 3 5 0.49883560141361 0.00637745623237851 0.111956326904529 6.76570405750985e-05 4.45562671807726 0.056486309361656
"cA2.30.48" 48 96 "3pi_I3" "A2" 4 1 1 3 "jackknife" 500 1 1 0 15 40 "values" NA 4 5 0.523344206402625 0.00343667764993099 0.111956326904529 6.76570405750985e-05 4.674538910596 0.0304572287380937
"cA2.30.48" 48 96 "3pi_I3" "B1" 2 1 1 3 "jackknife" 500 1 1 0 15 40 "values" NA 1 5 0.538227278115058 0.00361809592388012 0.111956326904529 6.76570405750985e-05 4.80747531646009 0.0323332602373123
"cA2.30.48" 48 96 "3pi_I3" "B1" 2 1 1 3 "jackknife" 500 1 1 0 15 40 "values" NA 2 5 0.544549907308403 0.00402519044216774 0.111956326904529 6.76570405750985e-05 4.86394938423418 0.0354335369131863
"cA2.30.48" 48 96 "3pi_I3" "B1" 2 1 1 3 "jackknife" 500 1 1 0 15 40 "values" NA 3 5 0.547766478621731 0.00480169556007543 0.111956326904529 6.76570405750985e-05 4.89267997411921 0.0429930218973646
"cA2.30.48" 48 96 "3pi_I3" "B2" 1 1 1 3 "jackknife" 500 1 1 0 15 40 "values" NA 1 5 0.495896162112314 0.00221813483242207 0.111956326904529 6.76570405750985e-05 4.4293714863939 0.0195323277142984
"cA2.30.48" 48 96 "3pi_I3" "B2" 1 1 1 3 "jackknife" 500 1 1 0 15 40 "values" NA 2 5 0.513782228524939 0.00537261413778667 0.111956326904529 6.76570405750985e-05 4.58913080422037 0.0476694151633626
"cA2.30.48" 48 96 "3pi_I3" "B2" 2 1 1 3 "jackknife" 500 1 1 0 15 40 "values" NA 1 5 0.514117197355491 0.00382817823280441 0.111956326904529 6.76570405750985e-05 4.59212276403018 0.034021837428246
"cA2.30.48" 48 96 "3pi_I3" "B2" 2 1 1 3 "jackknife" 500 1 1 0 15 40 "values" NA 2 5 0.548108149975454 0.00508591641358293 0.111956326904529 6.76570405750985e-05 4.89573180123046 0.0449420191848192
"cA2.30.48" 48 96 "3pi_I3" "B2" 4 1 1 3 "jackknife" 500 1 1 0 15 40 "values" NA 1 5 0.494325691450167 0.0112457648609751 0.111956326904529 6.76570405750985e-05 4.41534395703876 0.0998955509701983
"cA2.30.48" 48 96 "3pi_I3" "B2" 4 1 1 3 "jackknife" 500 1 1 0 15 40 "values" NA 2 5 0.510672586624453 0.00785031506879111 0.111956326904529 6.76570405750985e-05 4.56135531366558 0.069653938632592
"cA2.30.48" 48 96 "3pi_I3" "E" 1 1 1 3 "jackknife" 500 1 1 0 15 40 "values" NA 1 5 0.495621303129469 0.00392655298043088 0.111956326904529 6.76570405750985e-05 4.42691643101253 0.0347545184507327
"cA2.30.48" 48 96 "3pi_I3" "E" 3 1 1 3 "jackknife" 500 1 1 0 15 40 "values" NA 1 5 0.460248861321264 0.00472200002357531 0.111956326904529 6.76570405750985e-05 4.11096785725869 0.0417022597233717
"cA2.30.48" 48 96 "3pi_I3" "E" 3 1 1 3 "jackknife" 500 1 1 0 15 40 "values" NA 2 5 0.563089083734603 0.00579149929023904 0.111956326904529 6.76570405750985e-05 5.02954231621747 0.0516612260132008
"cA2.30.48" 48 96 "3pi_I3" "E" 3 1 1 3 "jackknife" 500 1 1 0 15 40 "values" NA 3 5 0.574151873327943 0.00770649160867238 0.111956326904529 6.76570405750985e-05 5.12835575445016 0.0683972126830348
"cA2.30.48" 48 96 "3pi_I3" "E" 3 1 1 3 "jackknife" 500 1 1 0 15 40 "values" NA 4 5 0.577290384278035 0.0094550831764026 0.111956326904529 6.76570405750985e-05 5.15638910492591 0.0840466379707628
"cA2.30.48" 48 96 "3pi_I3" "E" 3 1 1 3 "jackknife" 500 1 1 0 15 40 "values" NA 5 5 0.579528401959757 0.00227061413410239 0.111956326904529 6.76570405750985e-05 5.17637920056052 0.0203892146773871
"cA2.30.48" 48 96 "3pi_I3" "E" 4 1 1 3 "jackknife" 500 1 1 0 15 40 "values" NA 1 5 0.511446151191255 0.00361907012019678 0.111956326904529 6.76570405750985e-05 4.56826483444203 0.0322984410159096
"cA2.30.48" 48 96 "3pi_I3" "Eu" 0 1 1 3 "jackknife" 500 1 1 0 15 40 "values" NA 1 5 0.465664153182354 0.00315596849705245 0.111956326904529 6.76570405750985e-05 4.15933753864086 0.0279648515159658
"cA2.60.32" 32 64 "2pi_I2" "A1" 1 1 1 3 "jackknife" 500 1 1 0 12 30 "values" NA 1 5 0.366852584242305 0.00047996548381682 0.157805829446419 0.000136231334771311 2.32470869757612 0.00236926838300024
"cA2.60.32" 32 64 "2pi_I2" "A1" 1 1 1 3 "jackknife" 500 1 1 0 12 30 "values" NA 2 5 0.554177809634174 0.00238504179090832 0.157805829446419 0.000136231334771311 3.51177020252181 0.0149332474034498
"cA2.60.32" 32 64 "2pi_I2" "A1" 1 1 1 3 "jackknife" 500 1 1 0 12 30 "values" NA 3 5 0.652162890061354 0.00294010391920178 0.157805829446419 0.000136231334771311 4.13269200731768 0.0182869765932885
"cA2.60.32" 32 64 "2pi_I2" "A1" 1 1 1 3 "jackknife" 500 1 1 0 12 30 "values" NA 4 4 0.690779903117475 0.00365238451218624 0.157805829446419 0.000136231334771311 4.37740421593246 0.0230719017877081
"cA2.60.32" 32 64 "2pi_I2" "A1" 2 1 1 3 "jackknife" 500 1 1 0 12 30 "values" NA 1 5 0.394685401033527 0.00200025829088561 0.157805829446419 0.000136231334771311 2.50108251652095 0.0115592584564465
"cA2.60.32" 32 64 "2pi_I2" "A1" 2 1 1 3 "jackknife" 500 1 1 0 12 30 "values" NA 2 5 0.427131312948621 0.00108067386517561 0.157805829446419 0.000136231334771311 2.70668906495401 0.00613414000674537
"cA2.60.32" 32 64 "2pi_I2" "A1" 2 1 1 3 "jackknife" 500 1 1 0 12 30 "values" NA 3 5 0.570124446892925 0.0020663711751174 0.157805829446419 0.000136231334771311 3.61282247235678 0.0126713332071819
"cA2.60.32" 32 64 "2pi_I2" "A1" 2 1 1 3 "jackknife" 500 1 1 0 12 30 "values" NA 4 5 0.593305475982375 0.00275154078417214 0.157805829446419 0.000136231334771311 3.7597183707578 0.0167097332490825
"cA2.60.32" 32 64 "2pi_I2" "A1" 2 1 1 3 "jackknife" 500 1 1 0 12 30 "values" NA 5 5 0.700228232168721 0.00393773254346074 0.157805829446419 0.000136231334771311 4.43727734662979 0.0249918610712325
"cA2.60.32" 32 64 "2pi_I2" "A1" 3 1 1 3 "jackknife" 500 1 1 0 12 30 "values" NA 1 5 0.419031020949187 0.00307892270611731 0.157805829446419 0.000136231334771311 2.65535831229519 0.0189874970745121
"cA2.60.32" 32 64 "2pi_I2" "A1" 3 1 1 3 "jackknife" 500 1 1 0 12 30 "values" NA 2 5 0.478368905901379 0.00267699223173049 0.157805829446419 0.000136231334771311 3.03137664546037 0.0162359092815889
"cA2.60.32" 32 64 "2pi_I2" "A1" 3 1 1 3 "jackknife" 500 1 1 0 12 30 "values" NA 3 4 0.735891516527161 0.00493485719827999 0.157805829446419 0.000136231334771311 4.66327206737963 0.0310365480512057
"cA2.60.32" 32 64 "2pi_I2" "A1" 4 1 1 3 "jackknife" 500 1 1 0 12 30 "values" NA 1 5 0.319260318693459 0.00175392620852314 0.157805829446419 0.000136231334771311 2.02312119782532 0.0105263090664987
"cA2.60.32" 32 64 "2pi_I2" "A1" 4 1 1 3 "jackknife" 500 1 1 0 12 30 "values" NA 2 5 0.436196762248924 0.00392864266143493 0.157805829446419 0.000136231334771311 2.76413592437679 0.0248538058711202
"cA2.60.32" 32 64 "2pi_I2" "A1" 4 1 1 3 "jackknife" 500 1 1 0 12 30 "values" NA 3 5 0.51710370783037 0.00378388617846354 0.157805829446419 0.000136231334771311 3.27683527056233 0.0235458662285785
"cA2.60.32" 32 64 "2pi_I2" "A1g" 0 1 1 3 "jackknife" 500 1 1 0 12 30 "values" NA 1 4 0.319272724323853 0.000299770962738832 0.157805829446419 0.000136231334771311 2.02319981108339 0.000772770485007212
"cA2.60.32" 32 64 "2pi_I2" "A1g" 0 1 1 3 "jackknife" 500 1 1 0 12 30 "values" NA 2 5 0.52252215600251 0.0015376512793749 0.157805829446419 0.000136231334771311 3.31117144300379 0.00919835559881556
"cA2.60.32" 32 64 "2pi_I2" "A1g" 0 1 1 3 "jackknife" 500 1 1 0 12 30 "values" NA 3 5 0.662881821972728 0.00516328829749303 0.157805829446419 0.000136231334771311 4.20061682320677 0.0325288169442637
"cA2.60.32" 32 64 "2pi_I2" "A2" 2 1 1 3 "jackknife" 500 1 1 0 12 30 "values" NA 1 5 0.579022639721438 0.00140791504756417 0.157805829446419 0.000136231334771311 3.66920944398975 0.00872482919360305
"cA2.60.32" 32 64 "2pi_I2" "B1" 1 1 1 3 "jackknife" 500 1 1 0 12 30 "values" NA 1 5 0.541462070325993 0.00119620903213805 0.157805829446419 0.000136231334771311 3.43119181481086 0.00688734886132199
"cA2.60.32" 32 64 "2pi_I2" "B1" 2 1 1 3 "jackknife" 500 1 1 0 12 30 "values" NA 1 5 0.567591797659848 0.0017473364169679 0.157805829446419 0.000136231334771311 3.59677332358983 0.0104778500256036
"cA2.60.32" 32 64 "2pi_I2" "B1" 4 1 1 3 "jackknife" 500 1 1 0 12 30 "values" NA 1 5 0.506466986442572 0.00208610151348138 0.157805829446419 0.000136231334771311 3.20943141466479 0.012797282772385
"cA2.60.32" 32 64 "2pi_I2" "B2" 1 1 1 3 "jackknife" 500 1 1 0 12 30 "values" NA 1 3 0.671590807869461 0.00254936004463414 0.157805829446419 0.000136231334771311 4.25580480914674 0.0159816660940585
"cA2.60.32" 32 64 "2pi_I2" "B2" 2 1 1 3 "jackknife" 500 1 1 0 12 30 "values" NA 1 5 0.692162861166752 0.0049585278557176 0.157805829446419 0.000136231334771311 4.38616788489278 0.031236148085797
"cA2.60.32" 32 64 "2pi_I2" "E" 1 1 1 3 "jackknife" 500 1 1 0 12 30 "values" NA 1 5 0.538130424514121 0.00111844523026411 0.157805829446419 0.000136231334771311 3.41007950341172 0.00670422259495178
"cA2.60.32" 32 64 "2pi_I2" "E" 1 1 1 3 "jackknife" 500 1 1 0 12 30 "values" NA 2 5 0.671789020230249 0.00261164791082165 0.157805829446419 0.000136231334771311 4.25706086135649 0.0163671516933704
"cA2.60.32" 32 64 "2pi_I2" "E" 3 1 1 3 "jackknife" 500 1 1 0 12 30 "values" NA 1 5 0.463996948472246 0.00259629873005991 0.157805829446419 0.000136231334771311 2.9403029666264 0.0156339940941187
"cA2.60.32" 32 64 "2pi_I2" "E" 3 1 1 3 "jackknife" 500 1 1 0 12 30 "values" NA 2 5 0.738879258901297 0.00605502541053891 0.157805829446419 0.000136231334771311 4.6822050965625 0.0378517241169474
"cA2.60.32" 32 64 "2pi_I2" "Eg" 0 1 1 3 "jackknife" 500 1 1 0 12 30 "values" NA 1 5 0.506199266671222 0.00170093690352996 0.157805829446419 0.000136231334771311 3.20773490083961 0.00964831418256589
"cA2.60.32" 32 64 "2pi_I2" "Eg" 0 1 1 3 "jackknife" 500 1 1 0 12 30 "values" NA 2 5 0.644500182237324 0.00325130367350518 0.157805829446419 0.000136231334771311 4.08413418248376 0.0198113033968309
"cA2.60.32" 32 64 "3pi_I3" "A1" 2 1 1 3 "jackknife" 500 1 1 0 12 30 "values" NA 1 5 0.763134571316435 0.00274656571530764 0.157805829446419 0.000136231334771311 4.83590862259969 0.0169247613338319
"cA2.60.32" 32 64 "3pi_I3" "A1" 2 1 1 3 "jackknife" 500 1 1 0 12 30 "values" NA 2 5 0.790452457274723 0.00381228374198156 0.157805829446419 0.000136231334771311 5.00901937556818 0.0238241351782973
"cA2.60.32" 32 64 "3pi_I3" "A1" 3 1 1 3 "jackknife" 500 1 1 0 12 30 "values" NA 1 4 0.839897469462689 0.00509628306389511 0.157805829446419 0.000136231334771311 5.32234754830692 0.0311347163530607
"cA2.60.32" 32 64 "3pi_I3" "A1u" 0 1 1 3 "jackknife" 500 1 1 0 12 30 "values" NA 1 5 0.483033947726265 0.000902166357489388 0.157805829446419 0.000136231334771311 3.06093855607706 0.00429951682628456
"cA2.60.32" 32 64 "3pi_I3" "A1u" 0 1 1 3 "jackknife" 500 1 1 0 12 30 "values" NA 2 5 0.693635623800477 0.00319304725888289 0.157805829446419 0.000136231334771311 4.39550063666052 0.0199328461229747
"cA2.60.32" 32 64 "3pi_I3" "A2" 1 1 1 3 "jackknife" 500 1 1 0 12 30 "values" NA 1 5 0.551733698389017 0.00252555222966539 0.157805829446419 0.000136231334771311 3.49628211026482 0.0149371005946551
"cA2.60.32" 32 64 "3pi_I3" "A2" 1 1 1 3 "jackknife" 500 1 1 0 12 30 "values" NA 2 5 0.737025915469942 0.0040417464111115 0.157805829446419 0.000136231334771311 4.67046064176095 0.0247383369684837
"cA2.60.32" 32 64 "3pi_I3" "A2" 1 1 1 3 "jackknife" 500 1 1 0 12 30 "values" NA 3 5 0.743961571290388 0.00158984316636588 0.157805829446419 0.000136231334771311 4.71441120965046 0.00989025119605698
"cA2.60.32" 32 64 "3pi_I3" "A2" 1 1 1 3 "jackknife" 500 1 1 0 12 30 "values" NA 4 5 0.766187596087008 0.00605947936702177 0.157805829446419 0.000136231334771311 4.85525533989957 0.0376200913272464
"cA2.60.32" 32 64 "3pi_I3" "A2" 2 1 1 3 "jackknife" 500 1 1 0 12 30 "values" NA 1 5 0.587455535529537 0.00737073525119992 0.157805829446419 0.000136231334771311 3.72264787422824 0.0452033336873812
"cA2.60.32" 32 64 "3pi_I3" "A2" 2 1 1 3 "jackknife" 500 1 1 0 12 30 "values" NA 2 5 0.622929547788929 0.00261395839352848 0.157805829446419 0.000136231334771311 3.9474431963265 0.0156601215239024
"cA2.60.32" 32 64 "3pi_I3" "A2" 2 1 1 3 "jackknife" 500 1 1 0 12 30 "values" NA 3 5 0.755380371676901 0.00233344786699242 0.157805829446419 0.000136231334771311 4.78677102314132 0.014071606241259
"cA2.60.32" 32 64 "3pi_I3" "A2" 2 1 1 3 "jackknife" 500 1 1 0 12 30 "values" NA 4 5 0.780707223303021 0.0065743923021441 0.157805829446419 0.000136231334771311 4.94726478763003 0.0406223822150377
"cA2.60.32" 32 64 "3pi_I3" "A2" 2 1 1 3 "jackknife" 500 1 1 0 12 30 "values" NA 5 5 0.792430659178239 0.00375678362718551 0.157805829446419 0.000136231334771311 5.02155504621138 0.0214146452669951
"cA2.60.32" 32 64 "3pi_I3" "A2" 2 1 1 3 "jackknife" 500 1 1 0 12 30 "values" NA 6 5 0.798342441146245 0.00625379373235015 0.157805829446419 0.000136231334771311 5.05901742633221 0.0386319948342736
"cA2.60.32" 32 64 "3pi_I3" "A2" 2 1 1 3 "jackknife" 500 1 1 0 12 30 "values" NA 7 5 0.80042366851497 0.00380339635615443 0.157805829446419 0.000136231334771311 5.07220595920217 0.0231714303933837
"cA2.60.32" 32 64 "3pi_I3" "A2" 2 1 1 3 "jackknife" 500 1 1 0 12 30 "values" NA 8 5 0.825119666285107 0.00771231389809848 0.157805829446419 0.000136231334771311 5.22870206493394 0.0483911650480822
"cA2.60.32" 32 64 "3pi_I3" "A2" 3 1 1 3 "jackknife" 500 1 1 0 12 30 "values" NA 1 5 0.621401958502623 0.00397259548826141 0.157805829446419 0.000136231334771311 3.93776301346086 0.0240567519748261
"cA2.60.32" 32 64 "3pi_I3" "A2" 3 1 1 3 "jackknife" 500 1 1 0 12 30 "values" NA 2 5 0.675307140690748 0.00322762321205961 0.157805829446419 0.000136231334771311 4.27935484423938 0.0197889325727353
"cA2.60.32" 32 64 "3pi_I3" "A2" 3 1 1 3 "jackknife" 500 1 1 0 12 30 "values" NA 3 5 0.694217719597714 0.00489970654926028 0.157805829446419 0.000136231334771311 4.39918932040103 0.0305543259365437
"cA2.60.32" 32 64 "3pi_I3" "A2" 3 1 1 3 "jackknife" 500 1 1 0 12 30 "values" NA 4 5 0.836002371676771 0.00806519090392236 0.157805829446419 0.000136231334771311 5.29766469723873 0.0508790835538104
"cA2.60.32" 32 64 "3pi_I3" "A2" 3 1 1 3 "jackknife" 500 1 1 0 12 30 "values" NA 5 5 0.8494339954794 0.00666023564071106 0.157805829446419 0.000136231334771311 5.38277957448849 0.0416105810979172
"cA2.60.32" 32 64 "3pi_I3" "A2" 3 1 1 3 "jackknife" 500 1 1 0 12 30 "values" NA 6 5 0.856655154139592 0.00513179412459048 0.157805829446419 0.000136231334771311 5.42853934575627 0.0326820303757384
"cA2.60.32" 32 64 "3pi_I3" "A2" 3 1 1 3 "jackknife" 500 1 1 0 12 30 "values" NA 7 5 0.880964838862999 0.00923202250236037 0.157805829446419 0.000136231334771311 5.58258742375622 0.0587847216362125
"cA2.60.32" 32 64 "3pi_I3" "A2" 4 1 1 3 "jackknife" 500 1 1 0 12 30 "values" NA 1 5 0.553316123299384 0.00307525117717793 0.157805829446419 0.000136231334771311 3.50630978107975 0.0185444366878683
"cA2.60.32" 32 64 "3pi_I3" "A2" 4 1 1 3 "jackknife" 500 1 1 0 12 30 "values" NA 2 5 0.647834354270929 0.00751288365681208 0.157805829446419 0.000136231334771311 4.10526250230124 0.0468381484248525
"cA2.60.32" 32 64 "3pi_I3" "A2" 4 1 1 3 "jackknife" 500 1 1 0 12 30 "values" NA 3 5 0.725482386942621 0.00759307852140802 0.157805829446419 0.000136231334771311 4.5973104383254 0.0477137767090013
"cA2.60.32" 32 64 "3pi_I3" "A2" 4 1 1 3 "jackknife" 500 1 1 0 12 30 "values" NA 4 5 0.767552393720913 0.0046996593270373 0.157805829446419 0.000136231334771311 4.86390392809617 0.0295411238683617
"cA2.60.32" 32 64 "3pi_I3" "B1" 2 1 1 3 "jackknife" 500 1 1 0 12 30 "values" NA 1 5 0.787223367460448 0.00247193884413406 0.157805829446419 0.000136231334771311 4.98855695142579 0.0153269405582047
"cA2.60.32" 32 64 "3pi_I3" "B1" 2 1 1 3 "jackknife" 500 1 1 0 12 30 "values" NA 2 5 0.785643993879731 0.0051805794229803 0.157805829446419 0.000136231334771311 4.97854861658634 0.0321695636701791
"cA2.60.32" 32 64 "3pi_I3" "B1" 2 1 1 3 "jackknife" 500 1 1 0 12 30 "values" NA 3 5 0.809180854757722 0.00536864453131015 0.157805829446419 0.000136231334771311 5.12769938598794 0.0336068254016099
"cA2.60.32" 32 64 "3pi_I3" "B2" 1 1 1 3 "jackknife" 500 1 1 0 12 30 "values" NA 1 5 0.719790852509095 0.00628881403807274 0.157805829446419 0.000136231334771311 4.56124374513991 0.039067665899283
"cA2.60.32" 32 64 "3pi_I3" "B2" 1 1 1 3 "jackknife" 500 1 1 0 12 30 "values" NA 2 5 0.748672195927269 0.00744436315658737 0.157805829446419 0.000136231334771311 4.74426197405761 0.0463600504024785
"cA2.60.32" 32 64 "3pi_I3" "B2" 2 1 1 3 "jackknife" 500 1 1 0 12 30 "values" NA 1 5 0.755678277437178 0.0062849898915334 0.157805829446419 0.000136231334771311 4.78865882260552 0.0390409689735232
"cA2.60.32" 32 64 "3pi_I3" "B2" 2 1 1 3 "jackknife" 500 1 1 0 12 30 "values" NA 2 5 0.798546068644351 0.00991876466696002 0.157805829446419 0.000136231334771311 5.06030779373385 0.0621357362357507
"cA2.60.32" 32 64 "3pi_I3" "B2" 4 1 1 3 "jackknife" 500 1 1 0 12 30 "values" NA 1 5 0.711439406312761 0.00685081936381127 0.157805829446419 0.000136231334771311 4.50832145306977 0.0431068978858325
"cA2.60.32" 32 64 "3pi_I3" "B2" 4 1 1 3 "jackknife" 500 1 1 0 12 30 "values" NA 2 5 0.743361910230357 0.00461579978408883 0.157805829446419 0.000136231334771311 4.7106112165695 0.0285407148245574
"cA2.60.32" 32 64 "3pi_I3" "E" 1 1 1 3 "jackknife" 500 1 1 0 12 30 "values" NA 1 5 0.720218861394787 0.00414722232138781 0.157805829446419 0.000136231334771311 4.56395599529691 0.0254466139148398
"cA2.60.32" 32 64 "3pi_I3" "E" 3 1 1 3 "jackknife" 500 1 1 0 12 30 "values" NA 1 5 0.664312270165676 0.00147081093705857 0.157805829446419 0.000136231334771311 4.20968143253056 0.00843154694534509
"cA2.60.32" 32 64 "3pi_I3" "E" 3 1 1 3 "jackknife" 500 1 1 0 12 30 "values" NA 2 5 0.834348615663254 0.0154080013135221 0.157805829446419 0.000136231334771311 5.28718500824803 0.0966884452658983
"cA2.60.32" 32 64 "3pi_I3" "E" 3 1 1 3 "jackknife" 500 1 1 0 12 30 "values" NA 3 5 0.835996354930175 0.00555826208751433 0.157805829446419 0.000136231334771311 5.29762656970809 0.0344665463421718
"cA2.60.32" 32 64 "3pi_I3" "E" 3 1 1 3 "jackknife" 500 1 1 0 12 30 "values" NA 4 5 0.837921836191656 0.0112673775714594 0.157805829446419 0.000136231334771311 5.3098281548348 0.0711794401334108
"cA2.60.32" 32 64 "3pi_I3" "E" 3 1 1 3 "jackknife" 500 1 1 0 12 30 "values" NA 5 5 0.854662520582788 0.00443426012917009 0.157805829446419 0.000136231334771311 5.41591222314747 0.0277577683064442
"cA2.60.32" 32 64 "3pi_I3" "E" 4 1 1 3 "jackknife" 500 1 1 0 12 30 "values" NA 1 5 0.742198521387759 0.00432039988303823 0.157805829446419 0.000136231334771311 4.70323893604806 0.0268433725564027
"cA2.60.32" 32 64 "3pi_I3" "Eu" 0 1 1 3 "jackknife" 500 1 1 0 12 30 "values" NA 1 5 0.679684214246666 0.00392109204051232 0.157805829446419 0.000136231334771311 4.30709192829561 0.0234398624119641
